2.5329521760884903,-2.1746828959154536,0.8500287496455179,-0.9881381350232257,0.6990343637108711,-1.670648917464682,-2.705750088714992,-3.11622622769939,-3.26497714498831,2.550078682979364,1.9656391330354175,-1.1914501386830014,0.8232840172167779,0.5487264118439025,0.0025045365968040384,-2.488718347069525,-4.403733290417269,-1.4296601004290577,2.2642484511807255,2.308808963904939,-3.598541078960687,3.0273742707181883,-1.6235639014657361,-1.757499534263849,1.338687186499264,-2.322451183095649,-0.21100335185936092,2.760102976550911,0.41178775638910226,-2.7472585119533544,-2.4473271709076427,2.177455038067256,-1.1777747692592986,0.07811676399130395,2.9731286258510288,-1.8479619998753434,-1.2447181536292684,1.3406101856941466,-2.0560744941394433,0.1890034386216204,-2.7300143953870255,-1.02669457647586,-0.26112808794041115,0.9764931405398856,-0.9980050784993884,0.21716984053506766,1.8110468964069888,-1.1892622992218498
numHidden 	5
numGenes 	48
minGene 	-3.0
maxGene 	3.0
popSize 	160
tSize 	20
uniformProb 	0.5
numPoints 	3
numReplacements 	40
rtSize 	20
maxEvaluations 	20000
mutateRate 	0.01
mutateChange 	0.05
numTests 	10
seed 	1523951185674
random 	java.util.Random@4554617c
neuralNetworkClass 	class coursework.ExampleEvolutionaryAlgorithm
Training Set Training
Fitness 0.11930096762369852