-2.612379658231535,1.7438452427691844,2.1977305612061118,1.1412294510632235,2.226938970741685,-2.766714275903449,1.834468169120798,1.5887384539848006,2.167790756293865,-2.6679706302988895,-0.43439909008305866,0.9848547476464777,1.2038830387274448,0.16897632122017223,0.8020351810666654,-2.080145278820975,0.9300359662467848,1.0953097352480619,0.3274498906018717,0.892094756554354,0.5743139994928104,-1.9584862516220485,-2.2249248306675575,-1.0026805663400864,1.9309108948202371,-1.47185787495138,1.352896148449453,-1.3755737321469763,1.4972392571121753,0.43682166998269734,2.7416380754899787,-0.04149637683537416,-2.8551460457443434,-1.8039821988215605,-1.4151952837855688,1.7587568113880274,-2.282492408800277,-1.1783622426925402,0.6224679938205713,1.5832336784362389,-1.999194402855349,-2.5744041789302825,0.29042750387081406,-1.9259406926979006,-1.703393579099389,2.066007077972074,2.0637807082709294,-1.7538159797445612
numHidden 	5
numGenes 	48
minGene 	-3.0
maxGene 	3.0
popSize 	160
tSize 	20
uniformProb 	0.5
numPoints 	3
numReplacements 	40
rtSize 	20
maxEvaluations 	20000
mutateRate 	0.01
mutateChange 	0.05
numTests 	10
seed 	1523951185674
random 	java.util.Random@4554617c
neuralNetworkClass 	class coursework.ExampleEvolutionaryAlgorithm
Training Set Training
Fitness 0.10413929961111797