-2.24555195454403,1.1593510686838508,1.2522009812166284,-0.8624790043223298,-2.8321811260387793,-0.6511238762789007,-3.2858106615189158,1.4264949664141626,1.4312770957215275,0.9610677174026931,-3.6722385591805957,-2.082997199183362,-0.21263444620630095,-0.038624062018296906,-0.13659201180075736,-1.4784230079642253,-1.537063086314897,2.5895372601660305,-0.7157297593765144,-0.03247050728979614,2.2544263380338885,2.1351271744738973,0.12007565108862538,0.7601782020167502,1.3003219051373829,-2.6514962836173286,1.1036326420028248,-0.583852053245306,-4.044869524058985,-2.2181966942065907,0.20351487487791003,1.9916873989923933,0.6771761726000992,2.3995812593234014,1.6033613944186982,-2.9553896995264335,-0.42187641722207403,-2.9688973651531096,2.1825196890465595,0.26964550336104337,0.9051576702626822,-0.793784266252254,-2.655452092841811,0.23564932651303766,1.43730442339848,2.1741615778426677,2.0193997063341342,2.8793070998393215
numHidden 	5
numGenes 	48
minGene 	-3.0
maxGene 	3.0
popSize 	160
tSize 	20
uniformProb 	0.5
numPoints 	3
numReplacements 	40
rtSize 	20
maxEvaluations 	20000
mutateRate 	0.01
mutateChange 	0.05
numTests 	10
seed 	1523951185674
random 	java.util.Random@4554617c
neuralNetworkClass 	class coursework.ExampleEvolutionaryAlgorithm
Training Set Training
Fitness 0.11855857210748869