-0.8498913300379558,-1.4499765567285827,1.2402225464020833,2.2614168124541587,2.2815871467376825,-0.01161082422798429,2.698712939107631,2.406016026934137,-0.6495546969262496,0.1297976801164275,-2.8824355018080245,1.1613718834071516,-2.8282060421588424,1.398203020152879,-1.2410721475701483,2.785954592432681,3.3442073564477903,-2.647285902162074,1.1461617245459466,1.7507135917822891,3.084869217780863,-0.05977377057440242,0.44472909949278294,2.6310993248453434,0.5968392911832765,-1.374063997689897,-0.167812200673613,-0.433628764839631,-0.5361754587110774,1.8848832854358142,-3.163306186228977,-0.7518410436813252,-0.5970327525575982,0.05666404139054479,-0.6898490311446499,2.78352842563079,0.8423897856178524,1.187487501473613,-0.9062426276679361,2.506546255255909,2.6777536408196285,-2.732652067259857,-0.2981653213662858,3.464027499393703,1.460046635290943,0.2396453491977411,-0.887326894225243,-1.164624548761194
numHidden 	5
numGenes 	48
minGene 	-3.0
maxGene 	3.0
popSize 	160
tSize 	20
uniformProb 	0.5
numPoints 	3
numReplacements 	40
rtSize 	20
maxEvaluations 	20000
mutateRate 	0.01
mutateChange 	0.05
numTests 	10
seed 	1523941617838
random 	java.util.Random@677327b6
neuralNetworkClass 	class coursework.ExampleEvolutionaryAlgorithm
Training Set Training
Fitness 0.12813283221604188