-1.6301630305967518,-1.9225942090567638,-1.0359205091182873,0.6846426129038834,1.717295890466961,0.07439037979208776,-2.6609892644796633,1.0738249674874374,-1.6043952434619742,-4.371725201746914,1.4116772999415468,0.6349550838638292,-1.4916950656360932,2.31477952873321,-1.877373345922235,-2.0175649861755507,2.565386972424914,-1.9636819293764358,1.7699095061214425,-2.6235939127001027,-2.446988323242039,1.152115990420511,-1.8001154680385842,0.5948369155057807,-0.07597640277548083,0.12106251656016752,2.7316777668351193,0.14053091094947298,-2.9014491653730365,-1.9730396133891206,0.0239240194654798,-1.4170073733531374,-1.0379654488421683,2.4007621127964827,0.6092187070505226,1.4487626314388553,2.6335745371839065,2.7868019071371615,0.176005862329617,-2.4249946528335804,1.3005264415178714,2.21995300445752,1.6194197646092077,-1.2701983462452884,-1.8741668623612753,1.8880652257268857,1.211900861231106,-0.9712239092283461
numHidden 	5
numGenes 	48
minGene 	-3.0
maxGene 	3.0
popSize 	160
tSize 	20
uniformProb 	0.5
numPoints 	3
numReplacements 	40
rtSize 	20
maxEvaluations 	20000
mutateRate 	0.01
mutateChange 	0.05
numTests 	10
seed 	1523951185674
random 	java.util.Random@4554617c
neuralNetworkClass 	class coursework.ExampleEvolutionaryAlgorithm
Training Set Training
Fitness 0.2029172662445252