0.8289193131373696,0.5463849323628384,0.14923959589731944,0.8751288632981631,0.10816959558724008,-2.915896743730112,-0.17920129186708128,2.1606010981804724,-0.652690505155813,0.13139314741752506,-0.034194802815182085,2.725181776952346,2.6464934434827336,-2.985719773637168,-2.425581172241796,-3.599069910217735,1.4458759719016732,2.974752571783595,0.7983873714273315,-0.16837954317047485,-1.559073654033569,0.810351900815609,-0.7611037146361015,-1.1345857785508562,-0.47003283220454,-1.061593715028097,-1.6512857087408375,-1.5506846618800199,-0.33967117848283945,2.075024595823099,2.4304605384513716,1.9356474865865074,-1.8327482776484114,-0.6189091312534978,-1.2156993748792673,0.9666568042962747,-1.3351055072664415,-2.6229018038425194,-1.4326364484661283,-1.7533001509080752,0.5515493782015142,-0.3342218256205152,-2.876341830210206,0.39233612949762525,-1.7186057580785412,2.526084273424269,-1.722752975949744,-0.5309951842675698
numHidden 	5
numGenes 	48
minGene 	-3.0
maxGene 	3.0
popSize 	160
tSize 	20
uniformProb 	0.5
numPoints 	3
numReplacements 	40
rtSize 	20
maxEvaluations 	20000
mutateRate 	0.01
mutateChange 	0.05
numTests 	10
seed 	1523951185674
random 	java.util.Random@4554617c
neuralNetworkClass 	class coursework.ExampleEvolutionaryAlgorithm
Training Set Training
Fitness 0.15837214099714536