-2.098817614735469,1.9308281666076867,2.564241283149781,0.7963096690275,-0.2990716902585098,1.7821889055929987,0.04353042022163406,-1.8780084218758895,1.1285957603832388,-2.931591452775968,-0.7360976180166088,2.6197411669988213,-0.33650583222765196,-1.09407101194646,-1.0138273552214871,0.39951755618389817,2.448052722223994,2.466917044196755,-2.5242796959866753,0.2881715385451647,-0.6990813688419566,1.4612962505800775,1.442009280711129,-0.8740837054112331,-1.9630504203577497,-1.759939163316148,-2.4038237583210735,-2.1831126454749152,2.384320131926362,-0.5880492072085788,0.8635924487561135,-2.3727634287917905,1.2292027795903688,-1.609826981387193,-2.1777201986940637,0.34256342277796437,-2.653789942536267,-1.652032896540885,1.2095570857896136,1.702348125311856,-1.1119732911625768,0.8114198564977917,1.1482670875160832,0.2724101548843661,-1.639611452786374,-1.2949556760869882,0.6904272868899944,0.14727213987487675
numHidden 	5
numGenes 	48
minGene 	-3.0
maxGene 	3.0
popSize 	160
tSize 	20
uniformProb 	0.5
numPoints 	3
numReplacements 	40
rtSize 	20
maxEvaluations 	20000
mutateRate 	0.01
mutateChange 	0.05
numTests 	10
seed 	1523951185674
random 	java.util.Random@4554617c
neuralNetworkClass 	class coursework.ExampleEvolutionaryAlgorithm
Training Set Training
Fitness 0.17278714885369034