1.8236476531303185,2.6486309107464745,-0.4513013859651242,-4.379174425048938,0.6001021327046486,-0.20059781313284292,-0.7865917816294146,-2.615500802325047,1.1177865842442156,-2.008401616740255,1.2615026062729777,0.8300212237959836,1.8449884936486258,-2.4152502681972914,2.177611500711518,-0.6352524662476976,1.0197980468994425,1.6853368068330152,1.4969974326510145,-2.632323191354526,-0.24931877583513418,-1.4510294735381533,-1.3074777337323313,1.3804349537983447,2.3632009555386553,-0.9322060296600678,0.172795336795262,0.24631411692904792,-0.8849569209177925,3.0882070671058717,-1.9537251148659993,-2.632722876229246,2.688610229825141,-1.4494923256881709,-0.3130421467546095,1.189072516830556,0.295060834631897,0.5260188521390574,-1.0443546776538324,-0.5476647775891843,1.2357744791869782,-1.5012365772775282,0.636639379942027,1.7627900849292664,-2.783161012456829,1.8977264767154398,-2.9569206417357883,-1.913598693073127
numHidden 	5
numGenes 	48
minGene 	-3.0
maxGene 	3.0
popSize 	160
tSize 	20
uniformProb 	0.5
numPoints 	3
numReplacements 	40
rtSize 	20
maxEvaluations 	20000
mutateRate 	0.01
mutateChange 	0.05
numTests 	10
seed 	1523951185674
random 	java.util.Random@4554617c
neuralNetworkClass 	class coursework.ExampleEvolutionaryAlgorithm
Training Set Training
Fitness 0.27577898385965227