-2.4639409060421027,-1.5988692678384786,0.6139656894254724,-1.1649777156886767,-0.6295130352093038,0.8170271435651124,2.1059064281032933,-2.1789012274491153,2.9739726208124733,0.3873680565645407,2.970272822246354,0.9617402003611135,-0.6337147998573256,-1.3662887544650768,-1.8418763018646975,0.19337977738415202,-1.0134683462444731,0.6759292574596654,0.17483011406371274,1.5709374465483534,-2.1526565658529195,-2.785324952808927,2.524091392214121,-1.7052615556872088,-0.15119171180675534,-2.064643893277505,-2.1740765709943606,0.4746831976853339,-2.2339482754337743,0.9372698146467733,-2.864390397816323,-1.8906583551242684,-2.190081677076109,-1.3760308083449606,1.3449010852359742,1.0088163219701052,-0.9667498060022601,-1.6391451419058747,-2.061451488629287,-0.12110714383093592,-1.534192486202999,-1.7365927569925712,-1.9914518789402507,1.860165263849497,0.10892226387234659,2.474397027627133,0.34527740103527893,-2.470502333953131
numHidden 	5
numGenes 	48
minGene 	-3.0
maxGene 	3.0
popSize 	160
tSize 	20
uniformProb 	0.5
numPoints 	3
numReplacements 	40
rtSize 	20
maxEvaluations 	20000
mutateRate 	0.01
mutateChange 	0.05
numTests 	10
seed 	1523951185674
random 	java.util.Random@4554617c
neuralNetworkClass 	class coursework.ExampleEvolutionaryAlgorithm
Training Set Training
Fitness 0.1340696807536543