1.3854382969821564,-1.207094857830586,-0.7332573025175504,-3.2282222237477507,-1.6281256173349217,-0.1879253296382568,2.622984577924303,-1.773027713181196,0.34600572984060524,-0.347956820336091,1.7643773948657093,1.7594721972928509,0.09629523646733688,1.768446208983218,-1.4289838448298031,-2.6427478099251234,-2.6920376460574,-0.7568703915495085,-0.3756133300932137,-3.104619353021307,-0.6643598114579352,-3.3600693919697333,-0.21223702685317147,2.1225146933673846,1.435152541436923,-1.8352839795863485,1.1350996659253914,2.7327738741047716,1.0334504836327074,2.5226854712173,-0.5122686852921639,-2.005288797866868,1.36067224158594,1.9827401163009302,-0.018135042533605192,2.694643223950332,1.900710462257981,-0.5369841564859085,0.7410244453321011,2.274650827424649,2.7365918033077135,-2.4065212576560455,1.7162748067911784,-1.9438948864886223,-0.07560206278461727,-1.409226419913396,-1.6667711570520223,0.487625645914942
numHidden 	5
numGenes 	48
minGene 	-3.0
maxGene 	3.0
popSize 	160
tSize 	20
uniformProb 	0.5
numPoints 	3
numReplacements 	40
rtSize 	20
maxEvaluations 	20000
mutateRate 	0.01
mutateChange 	0.05
numTests 	10
seed 	1523951185674
random 	java.util.Random@4554617c
neuralNetworkClass 	class coursework.ExampleEvolutionaryAlgorithm
Training Set Training
Fitness 0.13628600604508773