1.5522161473149265,1.0174593709383146,1.3372321141944974,-0.15125792432883728,1.4387855398040277,2.477407709472108,0.041921080771633895,2.260039826936813,-0.025254398567275155,-0.11806052221189982,-2.5157486392263886,2.5047860012922643,1.73832320364972,-2.792003686441952,2.2457204803799096,1.793900781241055,0.360149782611721,-2.041457180897353,-2.117127028776912,-0.63100726181612,1.7408502415190865,-0.040837958493142146,-0.6217977160671928,2.577559302890256,0.5854966660530453,-2.2956361731859527,1.8255374850181383,2.357464862674325,2.7611674847209233,-2.322677235731307,-2.1409120554722967,-1.1379701397956545,0.8365835791137515,-0.7461237211301375,1.181792144890071,-0.4620713342293478,0.10302670903019358,1.6262174966970406,1.332611650031713,0.48644767686550155,-1.696517804099163,-1.6061690693327744,-0.696112690687309,-1.0554808338647548,2.2621821875743633,1.518825095474508,1.27886563943787,0.21530279094269245
numHidden 	5
numGenes 	48
minGene 	-3.0
maxGene 	3.0
popSize 	160
tSize 	20
uniformProb 	0.5
numPoints 	3
numReplacements 	40
rtSize 	20
maxEvaluations 	20000
mutateRate 	0.01
mutateChange 	0.05
numTests 	10
seed 	1523951185674
random 	java.util.Random@4554617c
neuralNetworkClass 	class coursework.ExampleEvolutionaryAlgorithm
Training Set Training
Fitness 0.28910244875720886