1.8543673436884591,-0.10684662939942045,-2.8440351918398616,-1.5840374148591645,0.7661033818650167,2.6003247345996696,2.221180998264475,0.7947679782082366,-0.8577189447188245,2.5424068842530003,0.5736463650692167,-1.0217782424383925,1.6262423838906006,-1.401352811462467,2.239684531287211,-2.811400703438771,0.8274388980897127,-1.8200128059970977,-2.3564200385016076,2.87623755662496,-0.1661741104156949,0.48556414745050924,0.5570942212023062,-1.7434230119196372,-0.1467536117542923,2.7670062668267006,-3.376452595664782,-4.03775700644845,-2.7630323933694303,-0.023754920768995283,-1.8991626899091052,2.0630377589794406,0.2803260491089878,1.4112345082278384,0.628314440560471,-2.2358707914487277,-3.175261213927986,-0.5498587476064729,0.27048105569101877,0.9376542330115507,-0.49786827956229474,1.478243892614372,2.1760253808213053,1.9253662577551172,1.7171348817254517,1.6629457890185495,-1.6862470074154723,-1.5801147981009664
numHidden 	5
numGenes 	48
minGene 	-3.0
maxGene 	3.0
popSize 	80
tSize 	20
uniformProb 	0.5
numPoints 	3
numReplacements 	40
rtSize 	20
maxEvaluations 	20000
mutateRate 	0.01
mutateChange 	0.05
numTests 	10
seed 	1523954946649
random 	java.util.Random@4554617c
neuralNetworkClass 	class coursework.ExampleEvolutionaryAlgorithm
Training Set Training
Fitness 0.2013513694202423