0.9449571937784051,-1.357633669473536,-0.27123471055583975,0.8934877536632273,-0.6313685616361815,-0.4160480832733294,-2.442718665343373,-0.8331554912202725,0.30628516443588794,1.8379116728605975,-1.2490156161430161,-1.7371976895940162,-1.285077973924451,-2.3438744982530686,-2.0663831704491185,2.454286082924126,3.0186722926709377,-0.005503057681749399,1.822483491989301,0.9287817415498496,-1.9054288947249138,0.9666930471825559,-2.4857960581711662,0.39193131834415057,0.8146200038615585,1.6166099575431283,-0.9437651154095044,-2.5065309057740444,2.197433518253604,0.20717659764870233,-1.0948305608410454,-0.4206506454901858,-0.059277267946922924,-0.5005771182935979,1.8625259163458443,0.32687516855055526,-1.0492221566558102,-2.2429551419458775,1.144277669466394,-0.9527437627423713,-0.08796190207858927,2.5463471151093637,0.7766745223452196,2.584100383071206,-2.4212095590391414,1.1537877004569268,1.9306666002934088,-1.138582437597155
numHidden 	5
numGenes 	48
minGene 	-3.0
maxGene 	3.0
popSize 	160
tSize 	20
uniformProb 	0.5
numPoints 	3
numReplacements 	40
rtSize 	20
maxEvaluations 	20000
mutateRate 	0.01
mutateChange 	0.05
numTests 	10
seed 	1523956739648
random 	java.util.Random@4554617c
neuralNetworkClass 	class coursework.ExampleEvolutionaryAlgorithm
Training Set Training
Fitness 0.2777548859348086