-0.20597644459229797,-0.8721732812861283,-3.5187123925204,-1.3853064446681038,-2.295191291398827,-1.4108879372430831,2.7145553810232883,0.7689448554089366,2.0414466856049707,1.3366489023033012,2.683844456252774,-0.11254086118999317,-1.9403707972694664,2.0371504462705365,0.2313415935919933,-1.581640955238412,1.6313531938848251,-0.7204544196005523,2.5964154092542504,2.8726544369375535,-2.1553842345020686,-1.2182129058764237,-1.8359375431191793,-0.573641349452366,-2.119181058447629,2.1125510300940427,-0.3605692109466609,2.9572337134735758,-0.8179949915951927,1.8490146238936456,1.2093270069635504,-1.6773965064925564,-0.4910812741465676,2.21285934109904,-1.841945650535182,1.8858782312497477,1.9104286495170641,2.5688640836082524,2.022369620378426,-1.7402776030071339,1.2204313757456664,0.13328266277127274,1.7980203827379606,1.0409276453847696,-0.3260489666399322,1.8292346863247753,-0.6602860602279197,-2.018297915161577
numHidden 	5
numGenes 	48
minGene 	-3.0
maxGene 	3.0
popSize 	160
tSize 	20
uniformProb 	0.5
numPoints 	3
numReplacements 	40
rtSize 	20
maxEvaluations 	20000
mutateRate 	0.01
mutateChange 	0.05
numTests 	10
seed 	1523956739648
random 	java.util.Random@4554617c
neuralNetworkClass 	class coursework.ExampleEvolutionaryAlgorithm
Training Set Training
Fitness 0.12706712517666885