2.6467595876093055,2.457388493574462,0.10207202771664116,2.7608392264478994,2.0534718787736814,0.20369117543493226,0.7748669682549607,-1.258485719774748,-2.225555415985399,-1.527498314507189,-1.417034716327018,0.10681219759521353,-1.004733252549875,-1.8536990958281383,0.2108549925255394,0.9520402339722414,-0.15409650122737642,1.7704433332596026,-2.215966790084674,-2.7243515189221554,1.7762360293471402,-1.8577257165848355,1.539261486212634,1.2336285638271818,-3.0464891510905305,-2.3603673266478244,-0.5384760186987044,2.9085125364362403,0.0707994715297112,-0.8121004399420686,0.9929993113074413,-2.305720075827463,3.047360329634282,-0.44657846862093364,-2.6200973698627705,-2.1441014370386284,1.1311011704819989,-1.8726913730148214,0.5711022256183513,0.11715077838003184,0.7301269560019363,-1.5227171973499631,3.667960953921975,2.012816123902557,-0.6453376211932793,-1.003579725591631,-1.502100200960876,0.7612043957012791
numHidden 	5
numGenes 	48
minGene 	-3.0
maxGene 	3.0
popSize 	80
tSize 	20
uniformProb 	0.5
numPoints 	3
numReplacements 	40
rtSize 	20
maxEvaluations 	20000
mutateRate 	0.01
mutateChange 	0.05
numTests 	10
seed 	1523954946649
random 	java.util.Random@4554617c
neuralNetworkClass 	class coursework.ExampleEvolutionaryAlgorithm
Training Set Training
Fitness 0.17933500229008886