0.46320354248263,-3.738826384367544,0.7416157116676125,-0.9952782359673884,2.933607646409164,-2.167572788062227,-2.0366444928620315,-0.30695986951210474,3.0567693929575164,-2.116461347628772,-2.142319154048829,1.0591453328157525,2.888263037082406,1.3661095946828556,-2.3332307416438454,-0.9323363305670738,-2.5519505514834195,-2.952642573159298,0.5289394584279387,-2.859113069292871,-2.48048682435563,-1.8886293862483863,-2.3151976962120457,-3.5425370012378954,-0.74838961090543,-2.3658480099912396,1.5040715992990834,1.1769124746384416,0.5091898132751284,3.381343286718785,0.06369174711283002,-0.51420542023213,-0.4423927244992142,1.7000375903951768,1.3103447074431251,0.011080324440629966,2.400188634868112,-2.3391511625984465,-2.1383604218901997,-3.1159801037583983,0.3243308043808806,2.1815098456266897,0.932289582544912,2.679770492071958,-0.9796353840760961,2.076559175658946,-2.0185993921653242,0.617076904024854
numHidden 	5
numGenes 	48
minGene 	-3.0
maxGene 	3.0
popSize 	160
tSize 	20
uniformProb 	0.5
numPoints 	3
numReplacements 	40
rtSize 	20
maxEvaluations 	20000
mutateRate 	0.01
mutateChange 	0.05
numTests 	10
seed 	1523956739648
random 	java.util.Random@4554617c
neuralNetworkClass 	class coursework.ExampleEvolutionaryAlgorithm
Training Set Training
Fitness 0.10118155024370533