2.910896247194758,-1.5447012614003268,-3.1597031122551766,0.34060443595032797,-1.0798211926895305,0.13706300019069295,0.218118449475447,0.014919435868945605,0.3802639729000065,-2.090346071081517,0.07871975574610011,1.4892969099650586,2.2176855602967436,0.7011388113004255,-2.3155579828690205,-0.05218721103982368,2.164739918817121,2.364631723831992,1.871698757851426,2.1751814123574036,0.33635957083153006,-0.17208856581731413,2.881840385256522,-2.632409808281758,-2.293494725660473,0.157888937757879,0.7666857862164096,1.3780215416532835,2.700767137220063,-2.5196571922465463,0.5326786006619324,-1.8989060448368218,0.553838728487537,-0.8757215427043938,-0.45108965345251767,-1.1262841015510487,1.901813161313733,-1.8458554018728497,1.8738557286654924,2.531464740046217,0.5973349281544464,-1.6774328781781611,-0.2716451149359818,-2.4321722636517507,2.018200054451605,0.05753091674247132,0.534570640823421,-1.2285118643454402
numHidden 	5
numGenes 	48
minGene 	-3.0
maxGene 	3.0
popSize 	160
tSize 	20
uniformProb 	0.5
numPoints 	3
numReplacements 	40
rtSize 	20
maxEvaluations 	20000
mutateRate 	0.01
mutateChange 	0.05
numTests 	10
seed 	1523956739648
random 	java.util.Random@4554617c
neuralNetworkClass 	class coursework.ExampleEvolutionaryAlgorithm
Training Set Training
Fitness 0.23302725419360493