-0.243621029710414,2.4192096488713917,1.903912510489135,1.3710767042306302,3.3664376427977523,0.6734447849762568,0.7058787584975547,-0.39264032440278307,0.29681017107003355,-0.1828825871252311,3.459154522025683,-0.25314496578857554,2.125070991820757,0.3284650347387068,-1.7623584220645312,3.037171947416531,2.1302081993783544,1.6586427600552611,-2.256617903869265,-0.8978328808083824,2.2644276217898414,-3.3199753921820747,2.7548782482013516,-1.9317432852167529,0.15916825867745849,-1.7239762901132485,2.2181447553051927,-0.3650918318568867,-0.4987748505808894,2.4875342217715035,-2.294809790478726,-2.497979856913637,1.5587266723162974,1.2155943655225856,-1.9711613180711465,2.0741970085249317,0.9289263025928673,-3.110036870053916,-2.0254705866582814,-1.534509931042075,-1.3382768328230359,-1.9340857963799878,-1.238683608848882,0.18407575326949227,-1.5798572583361392,1.5848511096999311,0.41753434202664585,1.3132880129127786
numHidden 	5
numGenes 	48
minGene 	-3.0
maxGene 	3.0
popSize 	160
tSize 	20
uniformProb 	0.5
numPoints 	3
numReplacements 	40
rtSize 	20
maxEvaluations 	20000
mutateRate 	0.01
mutateChange 	0.05
numTests 	10
seed 	1523956739648
random 	java.util.Random@4554617c
neuralNetworkClass 	class coursework.ExampleEvolutionaryAlgorithm
Training Set Training
Fitness 0.1117899735676361