-0.6727764636749236,1.3074095174671905,-3.2574040614479416,-0.7186592689783837,1.3437657263895564,2.9892143435242433,2.3390101623952635,2.327715775755358,2.6072357993230213,1.0644060101421375,-0.5881838123204884,-0.367685337213462,-3.05788925672244,-2.838561058950054,1.3205074590493022,-0.9077677390600627,-2.2243724746439373,-1.8783714551263606,-0.363785001434287,-0.2105590372044891,-1.3161155801768645,-1.2673574359225304,-2.3262728622067206,0.9463811494723231,0.06596329957422944,0.8416493791061221,-0.6457167581615537,-0.6028861643036874,-2.8090632362202017,1.4522582670522337,-2.3725978819073372,-1.014990129653403,1.3137902345318255,2.482438148202294,0.1499258076575951,-2.410254610683653,-0.25503599890638284,2.671147190942298,-0.5721177182322092,-1.78432611597427,-2.7656055869275225,-2.53054911807026,1.7716912021872135,2.3404360611017863,-3.0554022748258736,-1.1625449937118018,0.5976599132958249,-2.723027127595219
numHidden 	5
numGenes 	48
minGene 	-3.0
maxGene 	3.0
popSize 	80
tSize 	20
uniformProb 	0.5
numPoints 	3
numReplacements 	40
rtSize 	20
maxEvaluations 	20000
mutateRate 	0.01
mutateChange 	0.05
numTests 	10
seed 	1523954946649
random 	java.util.Random@4554617c
neuralNetworkClass 	class coursework.ExampleEvolutionaryAlgorithm
Training Set Training
Fitness 0.27845392077505626