-1.7051022240128613,-0.9869949576893711,-1.2555028411092615,-0.4014605383465623,-2.235933652051653,-0.5910652242489494,-0.42687816752303864,-3.0027389227235277,-2.2782180157441196,1.8422404968529023,1.2205782044154947,-1.7627516012596363,-2.5737802079317893,0.5075022669423692,0.009439218435504756,0.6832694882490542,1.9770262990286882,1.6999180546113428,-2.5071242022037667,-0.9668666891015174,-2.2236906156583904,-2.222014940202967,-3.1721877147847186,0.5558743972877943,0.7641545384325015,0.4395611657952124,1.6018531961121292,-2.8269059285557994,0.3190856280932401,-2.476110721933233,1.4041985419433307,-0.6744627301676369,0.8103706100036598,-0.9669691437737635,1.4710075575347297,-0.4084079779713242,-2.7769395636378045,-1.215486946725361,0.4634001369421849,1.836506498902613,1.8481303938877522,-1.8871492539151324,2.0015222995053765,0.07073179250054215,0.8890790239858333,1.8809702975396851,2.880833786202783,1.182902968157186
numHidden 	5
numGenes 	48
minGene 	-3.0
maxGene 	3.0
popSize 	80
tSize 	20
uniformProb 	0.5
numPoints 	3
numReplacements 	40
rtSize 	20
maxEvaluations 	20000
mutateRate 	0.01
mutateChange 	0.05
numTests 	10
seed 	1523954946649
random 	java.util.Random@4554617c
neuralNetworkClass 	class coursework.ExampleEvolutionaryAlgorithm
Training Set Training
Fitness 0.12283206532746281