2.644591571407057,-0.8762688179487399,-0.5857623187539871,1.346764514796576,0.0654036237672414,-0.2431670295861933,-0.8084781246411894,1.2613660334290373,2.836951035246135,-3.373252266906044,-0.47594259422356616,1.8751032542117738,0.3959831429354083,-2.400160492973103,1.651640383157788,0.17673417871291608,-0.8691395364966215,-1.2013326047641169,-0.8818117344989624,3.1142413956235373,1.971599894258676,1.0484645401444814,1.8142241538378778,1.841051924993193,-0.01148181500850641,0.3371446901554518,-0.7324220370894252,0.7575385465384079,-2.729591187229382,-0.8692350477809936,3.2788224272168627,1.5262600674773785,-1.2862671733285334,-1.156199248090086,1.9272663691053802,2.865565636650768,-1.297645125042978,3.6085055911770008,2.440114846799461,-2.7101394850486407,1.2428972678224512,-0.7299468750818396,1.2217129990252718,0.66600614738599,-1.4061633024641431,1.5540805691491102,0.5315772867788556,1.8439937900841734
numHidden 	5
numGenes 	48
minGene 	-3.0
maxGene 	3.0
popSize 	80
tSize 	20
uniformProb 	0.5
numPoints 	3
numReplacements 	40
rtSize 	20
maxEvaluations 	20000
mutateRate 	0.01
mutateChange 	0.05
numTests 	10
seed 	1523954946649
random 	java.util.Random@4554617c
neuralNetworkClass 	class coursework.ExampleEvolutionaryAlgorithm
Training Set Training
Fitness 0.3721057116399391