-0.8599121092131943,-1.4837382923245008,2.5485571271802883,2.4129902445229447,2.068388467287699,-2.3997812988729845,-1.4116276225466171,-1.2133012626903465,-0.21032900299543317,-0.6720232895680436,3.1066817674086717,-0.8788278376542511,-2.0608740630342286,2.0776785352787774,1.7857918284608019,-2.029523870160621,0.7366299885653844,0.49722820871280365,-2.2147867409571296,-0.21664989869498308,-2.1158665750172823,1.4688653410548482,-1.1933975964151813,-2.4041203839610565,0.06205564396747379,1.7254521073061897,3.0743282235375906,-0.032156036107215874,-1.7308448192137118,1.531596119652359,0.10328431524112212,1.076445647973161,-2.810980658907159,2.0032793031624863,1.932985906256301,-0.8895698662120353,-1.5075129193711159,-0.16229315601895689,3.0519151365306127,2.9243956964511915,-0.351011609106713,2.4106416764328555,0.5184975085144352,1.167393503195828,-0.32903815317741053,2.221533976953846,-0.19498226236429844,-2.108285917010556
numHidden 	5
numGenes 	48
minGene 	-3.0
maxGene 	3.0
popSize 	80
tSize 	20
uniformProb 	0.5
numPoints 	3
numReplacements 	40
rtSize 	20
maxEvaluations 	20000
mutateRate 	0.01
mutateChange 	0.05
numTests 	10
seed 	1523954946649
random 	java.util.Random@4554617c
neuralNetworkClass 	class coursework.ExampleEvolutionaryAlgorithm
Training Set Training
Fitness 0.28910244875720886