-0.685214916789307,-0.7574148817766515,-0.7232648008931657,1.4536871304008527,-1.9854395903627637,0.04657759324427857,-1.0029101951006452,0.9820450970949612,0.8337978207829446,-0.4489265652697695,1.2310748237027125,2.183612901361077,1.8703055454946638,-2.162468830180773,-0.6707845674552995,0.8082866696881801,2.740232051823755,1.6987534051998276,2.215156914613866,1.5169824888423904,-1.8673974691013602,0.3052413135186516,-0.3544636227032345,1.5179192473465315,1.2767470665003977,2.2240481810742434,0.1297134128811856,1.7212627981808235,-1.7554219903815926,-1.4852708418721459,-1.7391913286868323,-2.3665907220688194,2.040538898841217,0.3672184589803638,-0.06588564469974473,0.09616823401413414,1.9004022682193753,3.424200831616302,1.041048148039127,-1.7024074935001858,-1.1740430755705782,1.3457765070384504,-1.273570268088228,0.5901821072980744,0.3759799461615843,0.1269544837112614,1.4839717700238662,-1.2013200014571777
numHidden 	5
numGenes 	48
minGene 	-3.0
maxGene 	3.0
popSize 	80
tSize 	20
uniformProb 	0.5
numPoints 	3
numReplacements 	40
rtSize 	20
maxEvaluations 	20000
mutateRate 	0.01
mutateChange 	0.05
numTests 	10
seed 	1523954946649
random 	java.util.Random@4554617c
neuralNetworkClass 	class coursework.ExampleEvolutionaryAlgorithm
Training Set Training
Fitness 0.12540586679770493