-1.5236366291477141,1.2069776367411618,-2.9552961081980698,-0.5159761716098104,1.9230504710821088,-2.299774915887329,1.7763351695016916,3.104545832850512,0.46905049488984474,-2.0962436683602044,1.549386772615959,1.2893272675242595,-2.119200359643574,-1.107329759211534,2.1397301494950796,0.9391925302267703,1.8440656846793195,-2.6219052533434692,-1.3656432833244532,2.6084572020380286,1.5225616764882157,-2.6192790924278073,1.6713053250887235,1.5317734317848644,-2.710984883064407,2.6289036086301705,-2.9872228201807616,2.2902295774949835,1.774583509118948,-0.10255706182912354,1.0680473160405848,2.820090510609364,1.2132882248339343,-2.551640965999793,1.124249481347855,-1.6856991228604168,-0.7980051352951654,-0.3322748523954964,-0.8366541355261028,0.3771885501844991,1.4252464873181334,-1.7676358967933554,-3.423905402037886,0.6648605099559639,2.246864842901676,0.31166146735624256,1.5277959409520427,1.8567577481124575
numHidden 	5
numGenes 	48
minGene 	-3.0
maxGene 	3.0
popSize 	160
tSize 	20
uniformProb 	0.5
numPoints 	3
numReplacements 	40
rtSize 	20
maxEvaluations 	20000
mutateRate 	0.01
mutateChange 	0.05
numTests 	10
seed 	1523956739648
random 	java.util.Random@4554617c
neuralNetworkClass 	class coursework.ExampleEvolutionaryAlgorithm
Training Set Training
Fitness 0.2539857562590336