1.5126178437586657,0.6432766427234418,-1.472608436656299,1.1757629169190627,-1.0996382858047764,-0.6148150333224761,-1.3668923835919833,-0.28467369102022566,0.6441152355217097,0.35058759591862615,-0.7053566739652078,1.8314398730130865,-3.4148522873527605,0.018159992009662826,-1.3134467153077412,-1.0098562363606185,2.547699879455954,2.4055595757181836,0.5723845012092437,-1.4462367633013986,-0.3309702950546063,-1.9849579628931375,1.6942692240820167,2.821934608704802,-2.091403363724389,-1.5646153049951559,0.5763441992257463,1.8178746824411487,-0.8689494380688199,-2.266249212750579,-1.2330659950971916,-0.1177653089892365,1.5526146835610235,1.3379203128622184,-1.5418903496553131,-0.5775721206266008,-1.5271324464150688,0.8136111154355155,-0.6275940805348129,1.1383641791655326,-2.3161400432082795,-1.7165878756278938,-2.6548493540644325,1.1560756059677109,-0.5440842045362702,0.21314691147866505,0.9070340885700843,-3.5012400517928466
numHidden 	5
numGenes 	48
minGene 	-3.0
maxGene 	3.0
popSize 	80
tSize 	20
uniformProb 	0.5
numPoints 	3
numReplacements 	40
rtSize 	20
maxEvaluations 	20000
mutateRate 	0.01
mutateChange 	0.05
numTests 	10
seed 	1523954946649
random 	java.util.Random@4554617c
neuralNetworkClass 	class coursework.ExampleEvolutionaryAlgorithm
Training Set Training
Fitness 0.2757377675389994