2.50099412222116,-0.3207166892515326,-2.481092527773993,-0.14296962859897921,-2.036538661627379,0.6748788778050008,0.3699469692410174,-2.4162529763502203,-1.200882459489738,-0.002009719278842456,4.5067547373663086E-4,-1.9079639529280739,-2.963652038273141,-2.8696332937375386,0.8585438007628886,-1.724830414302821,0.950115411193587,-2.568394432583265,-2.0040644257122358,-0.09836847088153304,1.2439663169319086,-0.2739868802470136,1.3389853833607694,0.881662505606261,-0.11209395480406491,1.6120825803642536,0.30241417270877446,0.8359089909823356,0.1876148556271688,0.7249795143538156,1.5019617001452075,2.165948616071422,2.6567380270343826,2.0806591495625266,-0.016029528622213088,2.3644130080665366,1.746008764649954,-1.9813779005523655,-0.5796315558871582,-1.697813055516012,-1.347151323140089,-2.1872976202211776,2.942027010324515,1.895753719061102,-1.065761358749369,-0.8513326746461953,0.7728846951247025,-1.2856718682790087
numHidden 	5
numGenes 	48
minGene 	-3.0
maxGene 	3.0
popSize 	160
tSize 	20
uniformProb 	0.5
numPoints 	3
numReplacements 	40
rtSize 	20
maxEvaluations 	20000
mutateRate 	0.01
mutateChange 	0.05
numTests 	10
seed 	1523956739648
random 	java.util.Random@4554617c
neuralNetworkClass 	class coursework.ExampleEvolutionaryAlgorithm
Training Set Training
Fitness 0.11669427139077314