-1.7965181161132067,0.6799985275279874,2.6917313625694748,2.6939798275449043,1.5916589237688634,-2.165840061758675,-1.2693378317615212,1.907419308889545,0.41330368492383873,1.4768290183443271,2.232122252409595,0.21624260051706123,1.4160304968625352,-1.1119184043878372,1.8225576494946307,0.44208310338324475,1.8412631953894572,-1.6179709903897899,1.8289542404714039,0.533403198269273,-0.6018418583859872,2.133484994378385,2.9210933604155827,-0.7441179648997318,-0.3960323942664468,-1.8205836008460916,0.9073465644914716,0.909440059435974,2.4140119951717676,-1.0388507585664724,2.4248698649544878,3.3621033246967977,2.3297346148773794,0.4486444742911154,1.124165937479819,0.9808268976861143,2.811757606594653,-1.367751297941994,-1.3896539448470169,-2.525300471984778,-2.5367460044031303,-2.140950116278237,-0.32019099004202833,-0.11565459610510119,3.159528817189031,-2.5492720323339073,0.7097855177674308,0.09728014088710744
numHidden 	5
numGenes 	48
minGene 	-3.0
maxGene 	3.0
popSize 	160
tSize 	20
uniformProb 	0.5
numPoints 	3
numReplacements 	40
rtSize 	20
maxEvaluations 	20000
mutateRate 	0.01
mutateChange 	0.05
numTests 	10
seed 	1523956739648
random 	java.util.Random@4554617c
neuralNetworkClass 	class coursework.ExampleEvolutionaryAlgorithm
Training Set Training
Fitness 0.5521857820905421