2.3386896718944366,1.4011507602211501,-0.6330422626109615,-1.988795194717725,-0.6905042189338748,-1.4341437155436718,0.1685372228336277,0.8779587132451769,2.3074491075823746,1.0397993792235292,1.50143582300861,2.164566499828852,3.221398924332874,-1.3485410395016773,-0.8156541702797735,2.616785252354715,1.1808268331039826,2.5672630086143586,-1.571145690301978,-0.9884968094595472,-1.4488912447152944,1.3422080951546846,2.418192547118853,1.2495421726346585,-3.0207550502740124,1.9138030345581645,-1.6098914268696185,-2.3149603542052875,2.869926798895234,2.544497198460019,3.0347874863313145,-1.0926872349519,1.0307948321849638,1.0111186931073415,-2.0285218076236364,2.378223315006025,-0.07777048432598417,-0.9792966642143595,0.10772281709199148,1.5526640001061163,0.6309963265469454,2.55045603314057,-0.1871837272731316,-1.8780958731521842,-2.141445342470348,0.16544738163877898,1.3523572219156577,-0.6808665012589024
numHidden 	5
numGenes 	48
minGene 	-3.0
maxGene 	3.0
popSize 	80
tSize 	20
uniformProb 	0.5
numPoints 	3
numReplacements 	40
rtSize 	20
maxEvaluations 	20000
mutateRate 	0.01
mutateChange 	0.05
numTests 	10
seed 	1523954946649
random 	java.util.Random@4554617c
neuralNetworkClass 	class coursework.ExampleEvolutionaryAlgorithm
Training Set Training
Fitness 0.19414775441701382