3.2447901081774795,0.7282118001322657,3.3763701391148357,2.1799598838704615,-1.5935759582041622,0.7065321899461536,0.5368211084209515,0.24591369052377804,-2.00258077349156,1.264746896914746,0.8956666500238284,-1.5281538497759157,0.7183138170744188,-2.425144536247871,0.27294040901762956,-1.8479629713624277,-2.2372320810460558,0.6946202698462396,-1.7788722087831839,1.6941140406706987,-2.5677893517244597,2.278080194847764,2.1163150480073467,-0.8945385453014796,-1.8615030286187852,2.130746413704644,-1.2192511022623507,-2.109093443818032,-2.835125474068475,0.8597624179463503,3.035038628662165,0.09458372467857447,1.6582931416034563,-0.14358113057571242,1.2747129163119755,0.24973253026775988,2.366329483344254,0.7730225521968719,0.09983128842525871,1.5185472129325899,0.7597267326412267,-0.5317732194451728,-2.5021666973088372,-1.789948411603974,1.696790609166196,2.494544225987344,2.5887929674042827,-2.342661567316255
numHidden 	5
numGenes 	48
minGene 	-3.0
maxGene 	3.0
popSize 	80
tSize 	20
uniformProb 	0.5
numPoints 	3
numReplacements 	40
rtSize 	20
maxEvaluations 	20000
mutateRate 	0.01
mutateChange 	0.05
numTests 	10
seed 	1523954946649
random 	java.util.Random@4554617c
neuralNetworkClass 	class coursework.ExampleEvolutionaryAlgorithm
Training Set Training
Fitness 0.11061143914228327