3.437744295885631,-2.116654985610857,-0.45210881933285557,1.9363456643930188,1.42789845599675,1.7855811228306793,1.4188432305024965,2.533847672962016,-2.4757212104788078,0.1924430472107474,3.2704151200770037,2.0748686399469785,1.9265377725869826,-2.168956261331138,-1.4349359348390645,1.8017036007423435,1.0147024730351022,1.6819353270389619,2.9941589646496163,-1.4334872486209758,2.113548677888482,-1.679724831576783,2.515471854341061,1.2163752247320607,-2.7172353408794625,-1.9263022011566782,-2.2351951440746984,0.42872887351451994,2.4508248756054263,-0.967212102231618,1.722445085027539,-1.4224195422565429,0.9374650496316521,-0.9878383387007788,1.3347008133284741,-0.06967090028587022,-0.7500762064821358,2.239047253684669,-2.437902880099182,1.1876341881341552,-1.2595245762338072,3.276725759612024,0.6840117050108692,-3.1704217793665865,2.238553116661959,0.5455440419848079,1.2850416269766964,-2.8853970034739653
numHidden 	5
numGenes 	48
minGene 	-3.0
maxGene 	3.0
popSize 	160
tSize 	20
uniformProb 	0.5
numPoints 	3
numReplacements 	40
rtSize 	20
maxEvaluations 	20000
mutateRate 	0.01
mutateChange 	0.05
numTests 	10
seed 	1523956739648
random 	java.util.Random@4554617c
neuralNetworkClass 	class coursework.ExampleEvolutionaryAlgorithm
Training Set Training
Fitness 0.27861660779723446