0.9490712501281278,-1.6131498502263026,-0.8000394513136135,-0.8037331324793449,-0.8545130079136918,2.3884556378216857,1.214124548545317,0.45144410934987994,0.1228990430354122,1.9159557716890594,2.83178301010111,-3.5391533505265045,-2.8633701714652076,1.0442963827889478,1.5871047385087016,1.1187775152514603,2.95179203900173,-1.196465929160668,-0.9931480664886292,-2.6796071802695147,-1.8631820503482468,2.1911642816519095,-2.204311442510623,1.0691585956263998,2.304230714146567,-0.03167574777780857,-0.9341053850876333,1.89624613413303,2.1582770164426544,-2.525633114984184,-2.2649248345358446,-3.1648069629705624,3.9728690484058227,-2.215824146259199,3.139626917520409,-0.6815274439862447,-2.6241773706908016,1.9492414401458746,-0.4467157854413713,-0.4587650145100773,2.9350874658797546,1.6484862154610949,-1.900758871202393,0.22219938807111228,-2.5078239173784382,2.5672891747001056,-1.7323889574363198,-1.4491281642892013
numHidden 	5
numGenes 	48
minGene 	-3.0
maxGene 	3.0
popSize 	160
tSize 	20
uniformProb 	0.5
numPoints 	3
numReplacements 	40
rtSize 	20
maxEvaluations 	20000
mutateRate 	0.01
mutateChange 	0.05
numTests 	10
seed 	1523956739648
random 	java.util.Random@4554617c
neuralNetworkClass 	class coursework.ExampleEvolutionaryAlgorithm
Training Set Training
Fitness 0.07336442966258175