1.011992725058783,-2.0422709240863446,1.9958988063675176,0.04255127506339462,0.9758700162730396,1.0773209918229096,-0.03237854029174966,0.8125544672281155,-1.2976392354648723,-2.360802951937111,-1.1602724752585452,1.6079947801461403,-1.1754901459303528,1.5690835947074404,-1.978529636854662,1.121620872611852,2.4676951292581135,1.8760371109036644,-2.070387174073497,1.1004525519122477,1.0558907859727777,-0.2393458085267331,-1.8897878024423573,1.7618044851300843,-1.1993340351712483,-0.047996187651933975,-2.5349690927425277,-1.2197923901391343,0.21230915055218774,-1.7831987098145194,-1.0821326981864048,-1.2585453887682116,2.198642857929033,0.4817088382364147,-2.19898438926669,0.1341618048109241,-1.2692352713146675,-1.4616367128942316,0.774491367143225,-2.399323345140351,-3.343876832041648,-2.3537790418511655,-0.8394220504138961,0.5680761032363361,-2.4219949366819336,1.6288847633646526,2.583670879006543,-1.5485539504692072
numHidden 	5
numGenes 	48
minGene 	-3.0
maxGene 	3.0
popSize 	160
tSize 	20
uniformProb 	0.5
numPoints 	3
numReplacements 	40
rtSize 	20
maxEvaluations 	20000
mutateRate 	0.01
mutateChange 	0.05
numTests 	10
seed 	1523941617838
random 	java.util.Random@677327b6
neuralNetworkClass 	class coursework.ExampleEvolutionaryAlgorithm
Training Set Training
Fitness 0.14940621213656988