-1.8090035952199655,4.57278759552896,2.6636002262799687,3.9569588343207522,-2.0448573259835947,2.109033082628118,1.0394543487991945,1.605929134110471,-2.3102296218050027,-0.6409672142748626,-1.635792152631141,1.7132996399927798,-0.23177111427569663,1.6958792592197758,-1.6395062836552927,2.175261673310324,-0.6963080596121938,-1.1162240771596184,-4.233380141734024,-1.434005460554773,2.326330144678404,-1.5443335651826615,2.311703726485226,-0.16632249681171002,1.2781577387990104,-0.40120303810261293,-0.1929885203141612,1.3026273569509605,2.2256410637936126,3.412989039777848,2.9330793580990777,2.072384739584484,-2.82898750775545,-1.3995112474813058,-1.5231961592948395,1.7857247702104686,0.06159413163355626,-1.3012929707023195,-1.215202071605775,0.8110862292446799,-0.997704663566837,2.9824032986901123,-0.9010821020712358,-1.7560994347344978,0.819805574759505,0.46459604971156215,2.8769767580640497,-2.0222158729168402
numHidden 	5
numGenes 	48
minGene 	-3.0
maxGene 	3.0
popSize 	160
tSize 	20
uniformProb 	0.5
numPoints 	3
numReplacements 	40
rtSize 	20
maxEvaluations 	20000
mutateRate 	0.01
mutateChange 	0.05
numTests 	10
seed 	1523941617838
random 	java.util.Random@677327b6
neuralNetworkClass 	class coursework.ExampleEvolutionaryAlgorithm
Training Set Training
Fitness 0.2647189219100132