-2.0025846186013156,-1.9249439980996468,0.5137514995832904,-1.2246116914177483,-0.3946301702433129,-2.3703183252703397,-0.34818089178189965,0.11091479699113128,0.54218738331827,-2.342904242864762,-1.781402648212998,1.205779214437585,-3.033157650613835,2.421080694301363,2.322081942186104,-2.083525518886088,-0.4984374055452432,1.4633748741024164,0.16146750603669896,0.1640413390049123,0.38989342671122623,-1.3317313733795726,-2.5999640718960295,2.555919036742229,1.0530957153747187,0.9896677562643614,0.5141313735138631,-1.3188295347120988,2.439740588696031,1.6947620086279587,1.4964836538219572,0.3400553932102788,0.6645316369320127,1.3014863353677961,-0.18794196906610255,-1.1892757411716262,-0.02893880295490464,2.347502309616914,2.319617475094284,-1.9628953255628827,2.402994785506058,-0.41005118608557367,2.0776664543428476,2.8692508142323794,-0.4759631048907736,0.8598004529259511,2.743519724978574,2.7895478423315367
numHidden 	5
numGenes 	48
minGene 	-3.0
maxGene 	3.0
popSize 	160
tSize 	20
uniformProb 	0.5
numPoints 	3
numReplacements 	40
rtSize 	20
maxEvaluations 	20000
mutateRate 	0.01
mutateChange 	0.05
numTests 	10
seed 	1523941617838
random 	java.util.Random@677327b6
neuralNetworkClass 	class coursework.ExampleEvolutionaryAlgorithm
Training Set Training
Fitness 0.26091901991529276