-2.1414996660661654,-0.009194239595802303,-0.9433283436149564,1.485438843965095,1.1685796457670246,-1.7019626382286757,-2.0664024547016187,3.054031751875839,-0.42363423825476965,-1.0275715325184616,-1.7390634116564418,2.5939982883246957,-1.013616402125279,3.1182449585234138,0.12205469790302002,0.9658549369024187,-1.2529191681968346,-1.8125461237223455,1.134179273669902,-1.582291034057151,1.9253943188417924,0.942920442341342,-1.471920404774342,-2.504197734453947,-0.051096866765361015,-0.13256951369666448,1.5599371209828075,-0.6935856108012235,0.9238768134131359,1.9509934083258738,3.233808790039027,1.4215438130747793,0.05413123666945241,3.0181829115764627,0.2593878695308444,-0.6811649288366679,0.3018399124823268,0.22406713918597737,1.4102366217845954,1.1817629983887927,-1.8361252218250472,0.901576555064157,2.3488347117619943,1.2072334891302747,0.35716860767967357,2.1936517684880563,0.07346112641849498,-0.25647719469896507
numHidden 	5
numGenes 	48
minGene 	-3.0
maxGene 	3.0
popSize 	160
tSize 	20
uniformProb 	0.5
numPoints 	3
numReplacements 	40
rtSize 	20
maxEvaluations 	20000
mutateRate 	0.01
mutateChange 	0.05
numTests 	10
seed 	1523941617838
random 	java.util.Random@677327b6
neuralNetworkClass 	class coursework.ExampleEvolutionaryAlgorithm
Training Set Training
Fitness 0.10173543740797716