-0.8708153176966247,2.417734062443317,-1.8215091229639895,-1.791058154053897,2.128045705356728,-2.574300846257997,0.4034172618469628,1.30240458479797,3.4816042538865597,0.4665211625277231,1.4680625315806861,3.203868806020453,2.1536713218412507,1.8939929741340384,-2.8595040805865617,-1.0986651948673503,-0.41852454960964514,2.6901161198007033,2.6756642594991478,-2.115252572932229,0.5727290522714416,-0.15315684697359527,1.641249340351092,-1.141979954527324,-0.6756361676323024,2.5952089665542957,-0.8492385279080559,0.6071218015241324,0.9383127915964542,1.745395378786021,-0.42348565887549927,-2.8593154732003345,-0.8933558156620598,0.8937606446635248,2.908171480522671,-1.6555688840958989,-2.0116929139001005,-0.17451839800735275,-2.5308153860156026,1.9122893219581085,-2.296692377012297,2.5674351916455205,-0.8293502561978134,-1.5515331938852235,-0.6630718145813921,1.9096174098650538,-3.0823422077797455,-1.7328169823441533
numHidden 	5
numGenes 	48
minGene 	-3.0
maxGene 	3.0
popSize 	160
tSize 	20
uniformProb 	0.5
numPoints 	3
numReplacements 	40
rtSize 	20
maxEvaluations 	20000
mutateRate 	0.01
mutateChange 	0.05
numTests 	10
seed 	1523941617838
random 	java.util.Random@677327b6
neuralNetworkClass 	class coursework.ExampleEvolutionaryAlgorithm
Training Set Training
Fitness 0.5236400003861044