-0.10948362782153366,-2.1998632332391788,1.4813572480482136,-0.1158923378330698,-0.1981862707213557,2.299085888423118,-1.0150994526327712,0.29612459952339215,-2.3569329443718905,2.4346248315899137,-0.40302926329892186,-2.4897397288606564,2.3218466957598305,1.9848678027174034,0.14390642551949445,0.10996120864177587,-0.04587960545655387,1.430040148732127,-1.7258525798624127,1.5028995268765064,-0.989744896898715,-1.7308321708892085,2.9857414359239094,-2.1766491336392706,1.039297286564914,2.5136816302414218,-1.5266403480194608,1.0376276087337666,2.3089718546537865,1.645410581854386,0.7969078130228546,-0.6955979258318308,-3.5374910905062014,-1.7092232075103393,0.8562409267216216,-0.19344122353146748,0.49458158811377223,-2.4067614475940946,-0.573585159698027,0.9192537473311642,2.437310395919013,0.018380759248021336,-1.6846737105200764,-1.195682661147594,-0.12654032845042962,-2.2221042130580755,-0.7494838024233139,-2.146730084153222
numHidden 	5
numGenes 	48
minGene 	-3.0
maxGene 	3.0
popSize 	160
tSize 	20
uniformProb 	0.5
numPoints 	3
numReplacements 	40
rtSize 	20
maxEvaluations 	20000
mutateRate 	0.01
mutateChange 	0.05
numTests 	10
seed 	1523941617838
random 	java.util.Random@677327b6
neuralNetworkClass 	class coursework.ExampleEvolutionaryAlgorithm
Training Set Training
Fitness 0.5521857820905421