0.30756003816416294,-0.6867762610609829,0.2442060577395861,1.338607595495788,-2.530258648324225,-0.4185455981120939,2.9804507393521416,1.6278184890046048,-2.0902692938642935,1.4917468221991357,0.2846919846321151,-2.3609507214513594,1.5598701053539112,-3.5329864455060846,-3.1956569979054468,-0.3725937396540297,1.360656154928136,3.128003384914347,1.1444288729710421,-1.737439261975923,-1.7474004146244075,1.9751927636921884,0.22994208145632167,-1.0190811198539769,-1.0145104988504945,2.451783703814539,2.189212950747561,1.1433098644701245,-0.5750456827368327,0.7787196487733519,-1.29144412239845,0.2717131451064999,-2.2103051185240865,2.1397290196345704,-2.4495673893413925,1.7194092821420288,3.2592166388743236,-2.2309748399984,3.180068020842498,-1.502705924164617,-0.7744988389867509,2.1063932983222164,0.7567493457081735,0.9849581271341448,0.7563150809882424,-1.1159891247914253,2.6847159274695267,-1.151507236392486
numHidden 	5
numGenes 	48
minGene 	-3.0
maxGene 	3.0
popSize 	160
tSize 	20
uniformProb 	0.5
numPoints 	3
numReplacements 	40
rtSize 	20
maxEvaluations 	20000
mutateRate 	0.01
mutateChange 	0.05
numTests 	10
seed 	1523941617838
random 	java.util.Random@677327b6
neuralNetworkClass 	class coursework.ExampleEvolutionaryAlgorithm
Training Set Training
Fitness 0.09097263696990145