2.081933950106639,1.7072995445037573,2.650108017904752,2.3415853518183427,1.4071181770255574,-0.9522166584415144,-1.3926087198958073,-1.1224084836785415,0.9625761700994302,1.839727617266405,1.2767015800467274,2.4413329276733196,0.2241479853677245,-2.6922131792395603,1.6627687678740874,-2.388610574485849,-1.312984374297419,-3.7088736489487992,0.7454559860702878,2.095455951458296,-0.9080348868272612,-0.925043811396778,-1.0277544503055998,0.7262714334043152,1.3730357444575503,-3.1270659732198887,2.080017567447328,-1.0286874007476523,1.1953905887627654,0.15387231649716965,-2.055555634380605,2.063620082727879,-0.06689617643804519,0.9832731910683543,1.2799417012448437,2.05433210438909,-3.79508134413544,-0.7074301888178285,-1.474779644256388,-2.291017443957788,1.0418902464536863,-1.7958127157378905,2.199095271608354,1.0786064133099542,2.2541852513770433,-0.8067299309602167,2.7483170343787915,-3.226819941274608
numHidden 	5
numGenes 	48
minGene 	-3.0
maxGene 	3.0
popSize 	160
tSize 	20
uniformProb 	0.5
numPoints 	3
numReplacements 	40
rtSize 	20
maxEvaluations 	20000
mutateRate 	0.01
mutateChange 	0.05
numTests 	10
seed 	1523941617838
random 	java.util.Random@677327b6
neuralNetworkClass 	class coursework.ExampleEvolutionaryAlgorithm
Training Set Training
Fitness 0.2330369484850203