-2.4306176428518507,1.7713092349646924,0.3980961886209878,-2.1613992486954396,-3.3154387226425452,0.7612950707547594,-2.677621384892687,-1.017760526974266,-1.7886637415949698,0.5051596904457263,-3.307834530517213,-1.7725367664279543,0.3565881587008796,2.8370325951961517,-0.9001128358074688,0.24231640826481726,0.2299363261996289,2.233663440576453,-0.4542426359699019,1.5937515932140918,1.7701317809957346,-0.5720359921966756,-3.0467268788406523,1.6821870254578553,-1.534529095669135,-2.864951010413354,-2.607866565727474,2.592145125315332,-2.420309616097252,0.9380763549437816,-2.680941053802046,2.7037348697291774,-0.07277125009786686,2.4854884723807222,-2.8018265558577324,2.8327872102578597,2.261660713146945,-2.356953016742754,1.7012746035469672,-0.821996339646698,-2.7014682012496722,-0.4266423458948506,-3.3872231932131642,0.2015179368073069,1.3934882773543313,0.1323716006453527,1.5373128033343988,2.5548237366896096
numHidden 	5
numGenes 	48
minGene 	-3.0
maxGene 	3.0
popSize 	160
tSize 	20
uniformProb 	0.5
numPoints 	3
numReplacements 	40
rtSize 	20
maxEvaluations 	20000
mutateRate 	0.01
mutateChange 	0.05
numTests 	10
seed 	1523941617838
random 	java.util.Random@677327b6
neuralNetworkClass 	class coursework.ExampleEvolutionaryAlgorithm
Training Set Training
Fitness 0.12760598566752326