-0.05279780081423391,2.141017142609634,-0.29027648716481885,2.8148537614641223,2.7563195524045305,-0.02628428271642344,-2.3137598263190697,-0.14698845941318328,-2.5348143964896743,0.9831646767838425,-2.3164623967968727,0.8783528383778385,-2.3426004218706025,2.4256476343400672,1.2600768680709866,-0.8905146490855184,0.7192468002191079,1.4586389430072684,-2.6531630134404036,-2.871084407118241,1.9873006330773129,0.7717613609209344,-1.777991523621557,-0.33230955551614594,-2.7568745873205187,1.9985709041642858,0.5435766364040162,-1.3373424559910598,0.2882760201816997,-0.03703330677159547,-0.8428377219277665,1.079009514856834,2.1480158499109034,1.613632297643777,0.5054777308448473,-1.2658669943147853,1.6549144860133376,0.9370213372379337,-2.6377648612096403,-0.7603541259592523,2.7537191991739904,-0.7359850953147993,0.1473328161099975,-0.6031347409079182,-3.0033722541750194,1.7974820630282877,2.651626572255249,-2.6131952156044376
numHidden 	5
numGenes 	48
minGene 	-3.0
maxGene 	3.0
popSize 	40
tSize 	20
uniformProb 	0.5
numPoints 	3
numReplacements 	40
rtSize 	20
maxEvaluations 	20000
mutateRate 	0.01
mutateChange 	0.05
numTests 	10
seed 	1523952165239
random 	java.util.Random@4554617c
neuralNetworkClass 	class coursework.ExampleEvolutionaryAlgorithm
Training Set Training
Fitness 0.3297221462295854