1.3071909361105085,-2.1976722455745126,-1.6227748529555193,2.3464668013089085,-0.6681707813359228,0.36858893447357116,-1.5667364902990193,-0.5037748714143149,1.9382506829698645,1.0305046051500066,2.682584393626498,1.9632188300978262,1.1010233414478463,2.641394856816155,1.9654424849729157,2.2514102172467227,3.7209421672501533,2.6221194432907726,-2.5056362977951268,-2.0962603551056067,-0.7829582300686386,-1.099622823262327,-2.3880041354534534,-1.203219252468379,-1.7427615471881344,-1.954325572856863,-1.1926932659279357,0.836087779876125,1.734131079996538,-0.19555684433160075,0.4292809665984597,-1.4184799136458326,2.2796019557669203,-0.3637282528772056,2.718120179946739,-1.9779376955282924,-2.9635329131905612,0.6361986682882297,1.3423153736742546,-3.252605151463295,-0.9324663076197766,3.549501261580292,0.9358156920880909,-0.12129909356324407,-1.017964506460748,2.9443973871480695,-1.777119480533668,0.7739330903446417
numHidden 	5
numGenes 	48
minGene 	-3.0
maxGene 	3.0
popSize 	40
tSize 	20
uniformProb 	0.5
numPoints 	3
numReplacements 	40
rtSize 	20
maxEvaluations 	20000
mutateRate 	0.01
mutateChange 	0.05
numTests 	10
seed 	1523952165239
random 	java.util.Random@4554617c
neuralNetworkClass 	class coursework.ExampleEvolutionaryAlgorithm
Training Set Training
Fitness 0.6137255815731233