-0.023757146314618297,2.6320455972836916,-1.418717716466587,2.623408411210028,-2.4800831286783183,3.4391223267851005,-1.9171755675651392,1.1016274800167531,1.748703338085798,-0.18017070634541094,0.615301141052849,-2.0142554153871126,2.146640925966744,-2.646944360163056,-0.42657185041756673,1.303240255741691,-2.559906528231954,-2.8910418067168084,0.7570684893657345,0.2559354453442502,1.8106214784351788,-0.42452880061594356,-2.5064277055102617,0.9804552515794134,-1.944123768982129,2.2177243314751216,1.060599336660248,1.5467459103786954,-2.1368940774141403,1.245794674220932,1.4230373753547436,-1.2824658441976262,1.842281310300801,1.4205202862964894,-2.451205263605554,0.41466238823053303,-1.314226253213969,-1.6311067810678244,2.906927664517105,0.998783620416942,2.0789364730009288,2.459851203941871,1.8777221531768697,1.5669433067951741,2.9808662834232305,1.4580827308972306,2.668034953849738,-0.19187613483449373
numHidden 	5
numGenes 	48
minGene 	-3.0
maxGene 	3.0
popSize 	40
tSize 	20
uniformProb 	0.5
numPoints 	3
numReplacements 	40
rtSize 	20
maxEvaluations 	20000
mutateRate 	0.01
mutateChange 	0.05
numTests 	10
seed 	1523952165239
random 	java.util.Random@4554617c
neuralNetworkClass 	class coursework.ExampleEvolutionaryAlgorithm
Training Set Training
Fitness 0.6015836553277879