-1.9466731236942763,2.0111115451898276,0.19437607421713354,-1.3212729446664608,-1.5341587759676265,-0.8132505237470677,-0.14464673651800375,0.8892153028358254,-2.329919798417798,2.236360622456494,-0.9050715547212176,1.8870423043152844,2.284118019773188,-2.122741170652174,0.9196110707801339,-3.036174991966965,1.667165885823474,2.8024083385608485,-1.530124622429978,1.3849490066562062,0.5098502109058978,-2.5552481360738653,-0.47010767874306275,1.3488129499073327,2.745999211131224,0.3655117395393765,0.27451140217330366,-1.030277647624604,1.8895907175417783,1.0434532063612418,-3.26883264843113,3.3338834107378394,-3.067069440216468,-0.5036032626601773,-0.9144435332807027,-1.99900603929467,1.2120568724399956,-0.5419366003483672,-2.4014010890889543,1.28447676512766,1.9527846416737233,-1.9373679034701485,0.8283766117367461,-2.2085547182723144,-2.494270630787051,0.35618870335820646,1.264408191483997,0.8390417796735616
numHidden 	5
numGenes 	48
minGene 	-3.0
maxGene 	3.0
popSize 	40
tSize 	20
uniformProb 	0.5
numPoints 	3
numReplacements 	40
rtSize 	20
maxEvaluations 	20000
mutateRate 	0.01
mutateChange 	0.05
numTests 	10
seed 	1523952165239
random 	java.util.Random@4554617c
neuralNetworkClass 	class coursework.ExampleEvolutionaryAlgorithm
Training Set Training
Fitness 0.44714510429649323