-2.5170137287262118,0.9507105732224652,2.1718908808582604,-0.38966510531110654,0.25028967753589143,0.42617185131262036,-0.7429759781336898,0.6052314470264296,-3.1498575048953823,0.39425093088186147,1.577107321581306,1.9943004410496565,-2.73086793478497,-0.04802544110450427,-1.197614831925445,-2.743700257367057,-0.6453373486919072,-2.522800415885478,0.12452862628696447,-3.360391802239354,-0.48269416467244847,-0.43202672812420484,-2.5710762918883394,2.483540420409982,0.25847139708468614,0.15983676423546228,2.8810908666435546,1.6522640655643925,-1.7139189202258747,1.371544597416744,-2.354025031023829,-1.4324604472884446,0.5399131824511588,0.2230380184633156,-3.1884225155505534,-2.986391909747317,-3.0052311431758785,2.7003662826744144,-0.0713621736937193,-0.5378322477845621,-2.8564012581470677,0.11060987510042826,-1.9941963918969365,0.4774792483614099,2.2342073767037753,2.7257188386083637,-1.6350329149092298,2.4112640208348646
numHidden 	5
numGenes 	48
minGene 	-3.0
maxGene 	3.0
popSize 	40
tSize 	20
uniformProb 	0.5
numPoints 	3
numReplacements 	40
rtSize 	20
maxEvaluations 	20000
mutateRate 	0.01
mutateChange 	0.05
numTests 	10
seed 	1523952165239
random 	java.util.Random@4554617c
neuralNetworkClass 	class coursework.ExampleEvolutionaryAlgorithm
Training Set Training
Fitness 0.6384779743037093