-2.149140916509376,-0.8189009161294829,-2.1490570742100803,-2.5149757848420773,1.6447726303156347,2.478773179604957,-1.1446613777234382,-2.4706606406610128,2.0714792683737544,-1.3598409809499448,-0.8688273978335719,0.31763036912055026,2.1428620799261937,-1.8428042126294502,2.553156001657812,0.7780741218462834,2.833778252246743,-2.373030080544201,0.5987951902009195,-2.1213057162610727,2.0088797468621094,-2.696004193103181,-1.199559384513509,2.0641035876498357,-3.5846812409014457,1.5334031817846525,-2.583318626607779,-1.404098218732994,-1.1323097732347338,-1.298943127796821,-1.075756514351528,3.037243591209948,1.3480551775927625,-2.4325118752894275,-0.7782129528321091,0.29670299362808206,-0.422135597582599,-0.5791180841930104,1.9647297925121174,0.458665737886439,2.4400923822436855,0.8402192756302438,-1.8345393689024911,2.8270951159340454,2.188875482179813,0.653036487776375,2.3960399655762368,0.3966220114849502
numHidden 	5
numGenes 	48
minGene 	-3.0
maxGene 	3.0
popSize 	40
tSize 	20
uniformProb 	0.5
numPoints 	3
numReplacements 	40
rtSize 	20
maxEvaluations 	20000
mutateRate 	0.01
mutateChange 	0.05
numTests 	10
seed 	1523952165239
random 	java.util.Random@4554617c
neuralNetworkClass 	class coursework.ExampleEvolutionaryAlgorithm
Training Set Training
Fitness 0.28910244875720886