2.8327941805310415,1.1709190133436185,-1.4927506823965608,0.2109900425997937,-1.6773680755601463,-1.3612755689247666,-1.5089632554159849,0.6515679947210709,-0.8766523680212734,-1.9265248750456672,2.832978952244818,0.862668783753191,-0.06176024077429321,-0.13435148635677757,2.523229977152686,0.41567800394343635,-3.4968757053905737,-1.9578423570347894,2.1091324558224445,2.777480396339042,1.678115070333057,-0.21613824289226446,-1.8126546461759765,-0.19334996291714168,1.72052906934186,2.2939270088340455,2.459977731110662,0.024728021349984516,-1.5864359119800588,3.198617005812104,1.014335325220773,2.465063704453641,-0.8953086501696804,0.4382619496356933,1.4839327080389086,1.6966214956724521,-0.9754977783127798,-1.3801660682676058,1.4339737942931305,-2.19742695416133,2.411046867634047,-2.9462799913826707,-0.36245469783719514,2.913420519931771,1.2064975825344506,-0.9640383853872201,2.0693212366189417,-0.2481863970725377
numHidden 	5
numGenes 	48
minGene 	-3.0
maxGene 	3.0
popSize 	40
tSize 	20
uniformProb 	0.5
numPoints 	3
numReplacements 	40
rtSize 	20
maxEvaluations 	20000
mutateRate 	0.01
mutateChange 	0.05
numTests 	10
seed 	1523952165239
random 	java.util.Random@4554617c
neuralNetworkClass 	class coursework.ExampleEvolutionaryAlgorithm
Training Set Training
Fitness 0.3721057116399391