2.685866748335525,-0.8250905921782825,1.5028117995327928,-0.8974363609608831,0.517250164611362,-1.1034064059280093,-0.8344984989360804,-2.834714966130807,-2.02074414841927,2.5776315316173246,2.143403118338677,2.891654689898978,-2.4868326587743415,2.193733311567989,1.5323339499307833,0.811942599247197,1.853699353293157,2.765387126772927,-2.2075929443459157,0.6679818260328245,1.7968542782605204,-1.0797212995734264,-0.27659207128547314,0.016665560209649585,1.49205618163871,1.806256817811843,0.9908829294589405,-0.5685340409787532,-3.232806040934672,0.3047808437117836,-0.3097178744023399,-2.6834345769075085,2.2119988889596454,-2.2915364142864325,-0.22795739866975262,1.6806072015115705,-2.6505177777951445,-2.8225104741295,-0.9764505704992437,2.136998528672012,1.9669541722952475,-2.5716335370914924,0.6644555051944127,-2.394883536174206,-1.292559967303566,-2.5653667813665972,-0.19011247502095474,1.1816952428832241
numHidden 	5
numGenes 	48
minGene 	-3.0
maxGene 	3.0
popSize 	40
tSize 	20
uniformProb 	0.5
numPoints 	3
numReplacements 	40
rtSize 	20
maxEvaluations 	20000
mutateRate 	0.01
mutateChange 	0.05
numTests 	10
seed 	1523952165239
random 	java.util.Random@4554617c
neuralNetworkClass 	class coursework.ExampleEvolutionaryAlgorithm
Training Set Training
Fitness 0.6062253070345401