0.2953720920319261,2.860201326438549,-3.3140003364894217,2.3279681545294864,-0.19885638390661675,-2.4856673401422937,-2.3062999623832408,1.3339915314045203,-1.2531408009486813,-0.8085332321822869,2.2601851394522767,-0.911607024691828,0.10803722229909098,-2.5636543524790336,0.7765169203673181,0.9532969667723634,-0.11679950628528123,-1.4060264839808234,1.6562817645173529,-2.5252673431484887,-2.7336630712083183,-0.9561282820806289,0.40338410683141623,-0.5209075093660631,-0.36830864608703456,0.1444411594845885,-0.5889625913442518,2.4074962346905027,-1.0592130064657697,2.17066885884981,-2.12412673128012,2.0937637091097008,-0.3360010506109026,2.3827176399507835,-1.68773290480456,-0.13525740133721614,0.42892380672098973,-0.995270849195232,0.9406440773734976,-0.14771435534145272,-0.5847907688324828,1.0724747524970428,-2.30029341902355,-0.34578079701154296,1.360433454530183,0.8752783298274409,3.2461933433705843,-2.482809104003864
numHidden 	5
numGenes 	48
minGene 	-3.0
maxGene 	3.0
popSize 	40
tSize 	20
uniformProb 	0.5
numPoints 	3
numReplacements 	40
rtSize 	20
maxEvaluations 	20000
mutateRate 	0.01
mutateChange 	0.05
numTests 	10
seed 	1523952165239
random 	java.util.Random@4554617c
neuralNetworkClass 	class coursework.ExampleEvolutionaryAlgorithm
Training Set Training
Fitness 0.6101772341226959