-1.2878750787275255,1.4154831609165746,1.3771675174321711,1.910000904134124,0.1740687397334023,2.5166063161370342,0.9712063889516267,-2.5430557876291053,0.9694352765768255,-1.3208314625009425,2.0419900703312353,1.8402075923282424,0.5180041171348018,-0.9121892227302248,-0.3001964259732094,2.415445156869274,-2.0675582356208313,1.3833796399485843E-4,1.0911664490879927,-0.8054020708920246,-2.0223539924404603,0.8237188398925523,-1.9784476645197608,-2.4309650980762103,-0.9330055721572383,-1.7063596378791024,2.3735525510669544,2.7392064173759465,2.863258907958885,0.08430990082428995,-1.8744524109946463,-2.1985191741158596,3.1234306420652977,1.1950314164979168,-2.9088100538115094,-0.5075545529038779,1.1856885743184955,-1.457739547589474,-2.697270250930942,0.12806190220671454,1.4432207274120108,0.6222924455784136,-0.248545830683509,0.3496749940098928,0.28360228811981275,-2.723497369756587,-1.573756325988688,3.7009851748884266
numHidden 	5
numGenes 	48
minGene 	-3.0
maxGene 	3.0
popSize 	40
tSize 	20
uniformProb 	0.5
numPoints 	3
numReplacements 	40
rtSize 	20
maxEvaluations 	20000
mutateRate 	0.01
mutateChange 	0.05
numTests 	10
seed 	1523952165239
random 	java.util.Random@4554617c
neuralNetworkClass 	class coursework.ExampleEvolutionaryAlgorithm
Training Set Training
Fitness 0.5695626107871571