-2.900538154363832,0.5502570811613101,-1.0669154033566948,2.1219712754512914,0.03969853501708162,0.2909833209932165,1.2638723776099552,3.9134304503001873,0.12412478329427999,1.4432223524458718,-0.14345351883353957,0.0032496996823695307,1.4363735999642944,-1.8877536385859184,-0.2712474898878123,-1.4840276515006918,-1.3826027687416358,0.31698310514634076,-1.1219142870708456,-2.238133110646018,0.8166304591297966,1.364013163839159,0.86051765208657,-3.3319794554391864,-1.518985406015079,0.8718038402405028,0.7981077636942597,2.0061224941534457,1.8228373339392796,2.3391607408301227,-1.9721451562461907,2.6052555951486447,-0.0664847514061227,0.34992630370321964,-0.05153850458815029,-0.29519032832982744,2.7241163392637366,-1.7084989037441414,-3.695790497390547,0.5569298594050764,-2.3754061358406324,0.5912423262831386,2.265063977811364,2.4353182624183223,-1.937626504638994,2.092754913346598,3.0195476375648953,-1.8791559718540354
numHidden 	5
numGenes 	48
minGene 	-3.0
maxGene 	3.0
popSize 	40
tSize 	20
uniformProb 	0.5
numPoints 	3
numReplacements 	40
rtSize 	20
maxEvaluations 	20000
mutateRate 	0.01
mutateChange 	0.05
numTests 	10
seed 	1523939614619
random 	java.util.Random@677327b6
neuralNetworkClass 	class coursework.ExampleEvolutionaryAlgorithm
Training Set Training
Fitness 0.28910244875720886