2.9247149999697397,-1.4427746116393159,-0.12283650989585417,-1.8424092980791666,-3.03325827940324,-1.2741949757483635,-1.4277432331022224,-2.909164798571,1.9177443922543764,-2.6184349713196227,2.2750067092364668,-2.4885221283058527,1.0201659358367519,-0.4709817452431438,-1.6096452143421969,-1.0535787951768163,0.31525350146983655,0.4950562173024437,-1.421694028419223,1.0599212907785263,-1.4750272896913652,-2.307043200378147,-1.1450937449954488,1.5121360570117859,0.4298328202700341,-0.07024519177230744,-0.9887077472773043,-1.4892615819151942,0.3680983930875804,-1.2948326560824894,-1.887969349530864,-2.1542871818591802,0.8252218797677888,-0.19425392830938804,-0.028923123062721295,-2.0039919310418473,-1.7868058497167099,2.264694170506191,2.1782874712897935,1.7416269963673645,1.2578644800296563,-2.790414819007997,1.0115350998574861,1.0663074484205382,-0.3318540695925395,-2.07555359386774,0.5190794506786434,-0.20722557316025358
numHidden 	5
numGenes 	48
minGene 	-3.0
maxGene 	3.0
popSize 	40
tSize 	20
uniformProb 	0.5
numPoints 	3
numReplacements 	40
rtSize 	20
maxEvaluations 	20000
mutateRate 	0.01
mutateChange 	0.05
numTests 	10
seed 	1523939614619
random 	java.util.Random@677327b6
neuralNetworkClass 	class coursework.ExampleEvolutionaryAlgorithm
Training Set Training
Fitness 0.2901184897589418