2.0336708724175994,-1.3739031594879358,0.524587386747706,1.1205608139717935,-1.9831020515874498,3.2430802519247965,-0.09069534777222395,1.0318540996331027,0.18148426319806626,0.8457649863171155,0.7090520943836356,3.0219543342619133,-3.292664342988705,-0.6833462044699847,-1.2339067980744292,2.134881761481548,-0.425721103610338,2.290387483256369,-2.7858603934478725,0.5004094299460972,-1.4495892352254962,1.080345206197493,2.29493359589393,3.1499665278958107,-0.6497964986347662,0.7027812945569205,-3.3075854471097363,-1.9002748580396607,-0.06407570046686531,-0.17754109689237474,-1.1911684817480845,-1.0261456301008245,3.467708454810487,1.176166103862211,-1.662251914156715,-1.807899104775716,-2.170210684577102,-3.3495796281238808,2.106659961110361,0.43452557413024134,-1.682517556183807,-1.4029115704393667,-2.393113926097953,-0.6276035225336054,0.9653391053609406,-1.1344267686806089,-2.366146724155723,0.36791339127433814
numHidden 	5
numGenes 	48
minGene 	-3.0
maxGene 	3.0
popSize 	40
tSize 	20
uniformProb 	0.5
numPoints 	3
numReplacements 	40
rtSize 	20
maxEvaluations 	20000
mutateRate 	0.01
mutateChange 	0.05
numTests 	10
seed 	1523939614619
random 	java.util.Random@677327b6
neuralNetworkClass 	class coursework.ExampleEvolutionaryAlgorithm
Training Set Training
Fitness 0.14708473575502906