-2.8630529704868666,1.7047590926557246,-1.7634973581113713,-2.6045318489006704,-1.5527295141353825,-3.2990129188394666,-1.6138051994794111,-1.9233107065027908,0.43614221717438506,0.7290685578582757,0.6476628350306947,1.0626659958735734,1.4801434423444904,-2.685238018006499,-1.350189798116104,2.1091467381693354,1.5873861236283913,0.601868333433935,-0.4264922589218788,1.2663181480684411,-0.9241933869891539,2.529795557905903,-2.712833312982464,-0.46598339110637227,-2.29188355264215,-1.7071244741688347,-1.5055935101979754,0.04314565732535594,-0.4608892233335637,0.016974044877296743,-2.9186455371261992,-2.093797158118057,1.3540820069519126,-1.7684897701663471,1.192911058642296,-1.466440381560886,-2.112366817150358,-2.68584882166778,0.5466111610172475,0.13096339438300797,3.160232246065812,-0.6041637913850477,1.0095070998331193,2.9073649795043766,2.0053955678634816,3.24625838882608,1.1178007365382374,1.8776394270384904
numHidden 	5
numGenes 	48
minGene 	-3.0
maxGene 	3.0
popSize 	40
tSize 	20
uniformProb 	0.5
numPoints 	3
numReplacements 	40
rtSize 	20
maxEvaluations 	20000
mutateRate 	0.01
mutateChange 	0.05
numTests 	10
seed 	1523939614619
random 	java.util.Random@677327b6
neuralNetworkClass 	class coursework.ExampleEvolutionaryAlgorithm
Training Set Training
Fitness 0.11032966149924271