2.48452384215918,1.012671408557536,-0.5330524784041679,-3.0087220139663646,1.3447669083459184,-2.7429241847036328,-1.070193641539986,0.23104863043409102,-1.5477180602662988,1.8091423534908273,-1.1963930925877562,2.2683266942074543,-1.4980425551672731,-3.0849461896156423,-0.1443767190226929,-0.18018329177872694,-0.5038121901366033,-1.6191065399252955,2.2751516721505842,1.470559753825753,1.3293194055812836,1.8923647042626206,1.4877578007177585,-0.2584711278592158,-2.5232961030026537,-2.3960455109011027,-1.5828625493780795,0.9132600876148638,0.8602508715262869,2.2889837219864764,1.894919763952678,1.8006710443760072,-0.4165746290465753,0.008783395885727782,0.80077765900629,1.4097689187588491,2.1014537049761257,2.313535241966947,0.866374211637212,0.02999449105362298,2.312414670812562,3.217580125875939,3.0153527976152743,1.3457350122296388,-2.687676451513329,2.9716319986709827,0.7377452380154846,-1.5350291434650207
numHidden 	5
numGenes 	48
minGene 	-3.0
maxGene 	3.0
popSize 	40
tSize 	20
uniformProb 	0.5
numPoints 	3
numReplacements 	40
rtSize 	20
maxEvaluations 	20000
mutateRate 	0.01
mutateChange 	0.05
numTests 	10
seed 	1523939614619
random 	java.util.Random@677327b6
neuralNetworkClass 	class coursework.ExampleEvolutionaryAlgorithm
Training Set Training
Fitness 0.3019828973455738