2.008240642093984,-1.307035888088664,1.4764831978522024,1.4744620284729921,-0.3867977895947052,-1.668908057980543,3.2042907393391196,-1.3113104054669553,1.7549198190074875,-1.942620198858605,-1.6679262152399394,-1.535313552997584,1.1117328599327074,-1.7655262442224218,0.7757103274303884,0.15903219092336207,-0.7980754220359787,-1.3118833531508727,3.2479583773366976,-0.06077844664228582,-2.1108261594803692,-0.7535976066292591,-1.9437846961227607,-2.540385955918415,-1.842016777570496,-3.859063312718126,-2.1205982261770013,-0.787325665731683,-1.3684220345341485,-0.2032216506816164,-1.50294792972702,0.7731278894019618,0.21532335099875638,-0.9539089013039228,2.3229939489585245,0.3551909901676102,-2.5032510421368057,-1.8752360374695927,2.2127926151018014,0.19413263212604398,-1.7811797665587388,1.8364469706180984,-3.0315660691632376,-2.4378566627073024,-2.183859243076849,-0.7181408507553337,0.4555184471325862,2.1622872471271117
numHidden 	5
numGenes 	48
minGene 	-3.0
maxGene 	3.0
popSize 	40
tSize 	20
uniformProb 	0.5
numPoints 	3
numReplacements 	40
rtSize 	20
maxEvaluations 	20000
mutateRate 	0.01
mutateChange 	0.05
numTests 	10
seed 	1523939614619
random 	java.util.Random@677327b6
neuralNetworkClass 	class coursework.ExampleEvolutionaryAlgorithm
Training Set Training
Fitness 0.12736962752974798