-1.5389360977155266,-2.0781044925869883,-0.03712792524376632,0.5894833168459555,-2.364927334034662,2.317694483881392,2.0196212095983643,0.2695772483857777,-0.540213497709437,0.6489591957262366,0.20150355048398094,-0.06006139778892067,0.37769165066247856,2.713867653531646,0.1744366946261428,0.5135199850052873,-0.5971187242291749,2.114937614846566,1.2002063939839278,2.827182022324436,1.2068124160570486,2.4278445528008703,-1.3919071794348128,4.488965981508525E-4,-2.674860959356848,0.235266847156531,1.3201827671942186,2.5178313049732592,-0.07581847698975307,-3.8564767389020345,1.064047279530227,-0.3602157313200434,2.577704631232219,1.8212464623657685,1.5623235214083233,-0.23740145696072396,2.104285213147234,-1.7916773661513556,-1.8679021664600972,0.8502627047345444,-2.6973416278176283,2.1898116193303876,-1.8921512167701382,2.772650942487087,1.8470436123424128,-1.5273298407828049,3.070065221719651,2.2538409946212843
numHidden 	5
numGenes 	48
minGene 	-3.0
maxGene 	3.0
popSize 	40
tSize 	20
uniformProb 	0.5
numPoints 	3
numReplacements 	40
rtSize 	20
maxEvaluations 	20000
mutateRate 	0.01
mutateChange 	0.05
numTests 	10
seed 	1523939614619
random 	java.util.Random@677327b6
neuralNetworkClass 	class coursework.ExampleEvolutionaryAlgorithm
Training Set Training
Fitness 0.19655196613836268