-0.31068291663097436,1.6447365610482558,3.024192963351643,1.6533669155100834,-2.160495704453113,1.9841827671252001,1.4359549309343775,-0.7399356852807052,0.05530955499521953,1.8276818087282032,2.1543870183936615,2.798538646894831,1.7871430129085837,-0.6914136234917869,-2.5535974050395054,1.4602221881099424,1.4644873567111216,0.2753782160852604,-1.0108397471533546,-0.510962608633336,0.45637181641759544,-2.9734197781245166,1.7863126346020064,0.3573790609685808,-1.1598559142579685,-0.4837653090998993,0.7410832908581207,1.5925886297064507,1.2286304744964658,0.0723055060810798,-1.4342480618727118,-0.5735359616146702,-1.7633751652870342,0.9456407587826283,-0.868267492177468,-1.512974356993643,2.1860134936646847,1.3746647740370286,-2.7234575285867377,2.4490483148158813,-1.3453022958943515,0.42432785566177456,1.5835685688691077,-1.739058485394208,-0.882161020291742,-2.202132289058814,2.837643093036519,0.1429071292840131
numHidden 	5
numGenes 	48
minGene 	-3.0
maxGene 	3.0
popSize 	40
tSize 	20
uniformProb 	0.5
numPoints 	3
numReplacements 	40
rtSize 	20
maxEvaluations 	20000
mutateRate 	0.01
mutateChange 	0.05
numTests 	10
seed 	1523939614619
random 	java.util.Random@677327b6
neuralNetworkClass 	class coursework.ExampleEvolutionaryAlgorithm
Training Set Training
Fitness 0.3567459609679615