0.8368393766474878,0.18976886370497448,0.11343029860522515,-2.4063338359049347,0.41033449480702233,2.3932133699762295,-1.4424907325267808,0.7004002889723449,-0.13396595446869902,0.7779473380546857,1.5500299296033757,-2.4169554212052695,2.1778796062097694,1.8536497406557022,-1.0702741887019005,-1.7767276781715873,-1.6044215343051986,1.7428820000580272,-0.5464552291688175,-0.2817943733481442,1.335025551391933,0.2557930490929058,-3.3523834229565366,1.3779100829487076,3.0001244554591846,-1.8126983270775718,1.724356375104498,-0.335887513930672,-1.8337628307601814,-1.5853591000156106,-0.4048784478788267,-0.6258094880686136,0.14909338078584372,2.4862207007916766,1.5588509542769287,-2.9228392398724825,-2.824136171223504,-2.1125723335667645,-1.2144787705504596,-1.810065127977933,-0.7546071537280947,-0.0680151389933828,2.05367560822355,2.597952420601689,0.8433007809655504,0.500391959722402,0.001729828089415894,1.0766713234567797
numHidden 	5
numGenes 	48
minGene 	-3.0
maxGene 	3.0
popSize 	40
tSize 	20
uniformProb 	0.5
numPoints 	3
numReplacements 	40
rtSize 	20
maxEvaluations 	20000
mutateRate 	0.01
mutateChange 	0.05
numTests 	10
seed 	1523939614619
random 	java.util.Random@677327b6
neuralNetworkClass 	class coursework.ExampleEvolutionaryAlgorithm
Training Set Training
Fitness 0.2049952438626771