-0.1734789859139523,2.590874885388118,-0.9719202285275994,-0.2889036004378674,-1.6807555880410325,-1.2918768950989095,2.3648562427396898,2.0979196432564597,2.569836808616887,2.2561951527240662,-2.7979666116752138,2.1397238765171975,-1.6898554709356122,-0.8867092942251942,0.49389099417916366,0.07203862603414396,1.6308472681991786,-1.2247155078535783,-2.816355140143566,2.136487885117008,-2.438409114788225,0.038340052972713784,-1.4551674975914297,-0.15097440278633306,-1.0564553737383333,2.08643101472142,-0.15055870009019118,2.136059726479572,-2.7237973743630586,0.5940102314838944,1.8569075237389125,-0.05929986907572629,-1.0082593974065215,3.1599285530034766,1.8333476690425092,-1.599028384663746,0.11921765973674002,2.78206495381683,1.4131212279849015,-2.061052728279069,-0.6525973808839103,-2.487015969561401,1.9050554739994365,-2.7256396352352295,2.4789837511394284,-0.044694446432686025,1.8733978614664253,-2.41162893015379
numHidden 	5
numGenes 	48
minGene 	-3.0
maxGene 	3.0
popSize 	40
tSize 	20
uniformProb 	0.5
numPoints 	3
numReplacements 	40
rtSize 	20
maxEvaluations 	20000
mutateRate 	0.01
mutateChange 	0.05
numTests 	10
seed 	1523939614619
random 	java.util.Random@677327b6
neuralNetworkClass 	class coursework.ExampleEvolutionaryAlgorithm
Training Set Training
Fitness 0.20371224291509335