2.6867107418020106,2.7347010001987604,-1.9504351294142868,-0.5207590463608073,1.2587812501697786,1.4203869714421886,-2.421747395850404,-2.8258267327958286,0.6345482364951738,-2.3424168194133452,0.6485635236735645,0.14309754524804386,1.8728326956938297,-1.8790376327681486,1.5124408011560022,0.413736440981063,1.7884225722106637,-1.5658936650948008,1.1166753193673014,1.3946368503381403,0.7598279411273279,1.3135641139404375,-2.0549152142230835,-1.9458435240408694,0.002387134247794423,0.020555201286080446,0.08267504085338216,1.5380938939491844,0.4777062788208087,1.3423754766031515,-0.11336195521096686,0.1040755123679525,-0.6399741596802069,3.384547881207016,1.1423965806883454,-2.5964535224377863,-0.28278311322427224,-2.7487562900342937,-0.03623711045873165,-0.2675525497656755,-2.111280397244448,1.875488860012072,0.6146444054379985,2.349392376506078,-1.845155695418212,0.3321467790263977,1.3855813320648367,1.0253981223212028
numHidden 	5
numGenes 	48
minGene 	-3.0
maxGene 	3.0
popSize 	40
tSize 	20
uniformProb 	0.5
numPoints 	3
numReplacements 	40
rtSize 	20
maxEvaluations 	20000
mutateRate 	0.01
mutateChange 	0.05
numTests 	10
seed 	1523959787054
random 	java.util.Random@677327b6
neuralNetworkClass 	class coursework.ExampleEvolutionaryAlgorithm
Training Set Training
Fitness 0.38088259629651827