0.3042121948819452,-1.6894645824502381,-1.0788262538206648,1.057714708051741,1.9754097493069578,0.7803505453704376,0.1745514723039695,-1.8839063663637325,-0.17102639802245168,3.2144751133312086,-1.0560901872808115,2.1300037743359406,0.731084029798678,-0.11607783494373507,-1.434789265179389,1.7688926357964754,0.20414289300006372,3.082201300617979,-1.2231739208392065,-1.8714818707295648,2.2483107480027105,-0.05508446622257715,-2.2326504646174614,1.0246030470515757,-0.795200897009501,-1.7987167298519815,-0.6908467587020819,-2.6034652711335857,-1.9082314620129441,3.1652917894636445,2.3552163751438346,2.2301815154858216,1.483910945644653,-0.8012090844559645,-0.2892634914071992,3.127253435967167,0.9345341472485547,2.4409508806458584,-1.8374806028179433,1.304497323391662,-1.5458026617080178,0.7481142061109476,0.05812769611959723,0.19937198501413045,0.36268419018423853,0.9751802455496223,0.7732521042000204,2.4397144219383815
numHidden 	5
numGenes 	48
minGene 	-3.0
maxGene 	3.0
popSize 	40
tSize 	20
uniformProb 	0.5
numPoints 	3
numReplacements 	40
rtSize 	20
maxEvaluations 	20000
mutateRate 	0.01
mutateChange 	0.05
numTests 	10
seed 	1523959787054
random 	java.util.Random@677327b6
neuralNetworkClass 	class coursework.ExampleEvolutionaryAlgorithm
Training Set Training
Fitness 0.6316792473963698