0.17906614969786344,-1.8907818825907892,-0.7639336651883519,2.666371457653111,1.210968905517055,-1.1785493943059355,-2.6761205714546836,3.6085958335821937,-0.4979775407835822,1.1435035687356097,2.3132050804574193,-2.5122184113827872,1.1143629915643585,-0.2261656448531314,-0.7753528305520971,-3.3100785377278585,1.623275661980827,-2.6730270035106773,-2.1091450713978013,0.18772941637835716,2.55867940776358,-1.9862098385236944,-2.00301337222648,-1.500065250169083,2.097422684814733,0.23411019187782522,1.9178758423651372,-2.0840102340049236,-3.5659858086597023,-1.2490091834364268,0.5496443140090875,-0.23218073411612605,2.01952461985712,1.4374793460871615,2.9893602783028035,1.5954764085672097,-1.1919991601459248,1.9956366422765208,2.5597046906759546,-2.4436997582877176,0.036845587627889725,-0.45589290519966835,-1.143536784693664,-1.782592470375392,-2.5077743154785503,-1.9955060456494291,-0.43497502118064907,2.0990841283807784
numHidden 	5
numGenes 	48
minGene 	-3.0
maxGene 	3.0
popSize 	40
tSize 	20
uniformProb 	0.5
numPoints 	3
numReplacements 	40
rtSize 	20
maxEvaluations 	20000
mutateRate 	0.01
mutateChange 	0.05
numTests 	10
seed 	1523959787054
random 	java.util.Random@677327b6
neuralNetworkClass 	class coursework.ExampleEvolutionaryAlgorithm
Training Set Training
Fitness 0.44810358264818695