-1.1293340135440035,0.4506280053898219,2.228967406722556,0.9643858829655356,-0.4144762610644763,-2.2718319452915283,-3.2229195753967503,-0.07566235743272794,-1.400453083147954,-2.7453111256638874,1.5255767258212136,-0.3643754158832068,-1.4216787213939168,3.759824180733667,2.8159501909681754,1.4611662097690996,0.19906201832615694,-0.4025588817018614,1.985016292188593,-1.6604680244355496,-2.629338219972035,-2.5507135560320293,0.7078468916361358,-1.066945494137885,-2.7168587498792514,-1.6656247727656315,0.19180609231514079,1.3568509323921052,-0.777623236928467,1.384898437531379,2.397210110053172,1.8126144442731953,2.899655458096805,-1.6150219737079983,-2.0574417830257405,-2.6946620419311493,2.346777299232933,2.94163883791893,2.7222049524864227,3.2129302790136567,1.0660951776559904,0.217920310628808,-0.7282382840723263,-1.2920229596625845,-0.9989416297976919,-0.3939086522462096,1.0614422248975406,2.6977027631984507
numHidden 	5
numGenes 	48
minGene 	-3.0
maxGene 	3.0
popSize 	40
tSize 	20
uniformProb 	0.5
numPoints 	3
numReplacements 	40
rtSize 	20
maxEvaluations 	20000
mutateRate 	0.01
mutateChange 	0.05
numTests 	10
seed 	1523959787054
random 	java.util.Random@677327b6
neuralNetworkClass 	class coursework.ExampleEvolutionaryAlgorithm
Training Set Training
Fitness 0.5449044656684117