1.3454715085193016,2.924294486274192,2.9051231226278325,0.6910017718188144,2.1324090697629074,1.3442940937200722,-1.4118245741113256,-3.0314102983709708,0.020957854697725695,0.6150313443572948,0.9209365974194106,1.9010511396236773,-2.973451119847206,-0.34531924811342796,1.5895611306060653,1.818127217188076,-2.4031158923804368,-1.0684807688642946,0.6074436506320642,-2.745251004171444,0.37711902365217725,-0.5005179896158283,1.0949748890121607,1.4249134254401166,1.414368799296566,0.13369487643201022,0.0013495866919853577,-0.8836188428803953,3.0022117488550952,2.4552330489017535,0.4079671059141162,-0.9235040457042956,1.865468327115469,-1.5566686243540804,2.646320023330988,2.162162074718548,-1.7773527564490406,2.1797638824116756,0.6941308543025213,1.5672455977944688,2.5380587526674416,-1.4459095470477707,2.131850863279684,-0.3815935141134405,0.8877017520610497,2.679953067813978,0.5974991947236683,2.4955967699040205
numHidden 	5
numGenes 	48
minGene 	-3.0
maxGene 	3.0
popSize 	40
tSize 	20
uniformProb 	0.5
numPoints 	3
numReplacements 	40
rtSize 	20
maxEvaluations 	20000
mutateRate 	0.01
mutateChange 	0.05
numTests 	10
seed 	1523959787054
random 	java.util.Random@677327b6
neuralNetworkClass 	class coursework.ExampleEvolutionaryAlgorithm
Training Set Training
Fitness 0.3721057116399391