-1.8701457018553536,1.3582951606369897,2.0175963429268697,1.09517090536991,-0.10437356023740123,2.3342867653761106,-2.112720667003002,1.9428623442493214,0.6344591118238532,-1.6139496397126716,-0.5597104290633851,0.8618087409177302,-0.39670132644058237,-2.4680324190957905,2.575810523571451,1.5336522027403514,-0.21871916517831036,2.4827520157520713,0.7965735017878,-0.8863870829179115,2.484339267210303,1.2471237347930073,1.8551110518860818,-1.427846633232527,1.3746814733239512,0.5109366850256747,-0.3453369045374188,1.2842840368633537,-0.6634434609211417,-0.6670383468140215,-0.9654434358955599,1.0415490843824606,-2.259090378620605,-2.7264295200177657,-0.8601972886002578,-0.04647759979003499,1.260189773483645,1.933117819523394,0.6820770862697803,-1.5150514993578668,0.6207503573275175,1.3748595935637973,-1.8058296747856315,-1.5085489717639444,1.6439540311929683,0.792798754367108,2.4124181917124305,0.17103713055919023
numHidden 	5
numGenes 	48
minGene 	-3.0
maxGene 	3.0
popSize 	40
tSize 	20
uniformProb 	0.5
numPoints 	3
numReplacements 	40
rtSize 	20
maxEvaluations 	20000
mutateRate 	0.01
mutateChange 	0.05
numTests 	10
seed 	1523959787054
random 	java.util.Random@677327b6
neuralNetworkClass 	class coursework.ExampleEvolutionaryAlgorithm
Training Set Training
Fitness 0.5962480678904756