1.6504503772697456,1.2429896471313877,-1.610364149795283,0.698174878258594,-0.31029237271883225,1.9722772395014385,-0.8687643946697945,-2.677985535058848,1.0050886599254487,2.3062618684633485,-0.791311992174875,0.7448601233540497,-2.6833851423560797,-2.9599102063181935,1.570208632852459,-0.876974952444646,-0.31609329645408035,-0.32149207560404713,0.7849835600427846,-0.5599234292777922,0.1970320723592236,3.0732113927711024,-0.20126388903395487,1.5188190415430014,-1.0653202531196406,-3.2201567995568414,-0.7356229562688648,2.0268481288947706,0.3433564669683037,-0.058235329158165955,-2.686261270741622,0.3747884110893554,-2.537210960347083,-1.8364290424556065,-2.2483663886569087,-0.09407128627992899,-2.1182985623204096,-2.5193125297792878,-2.2437932152780666,-2.1869135471369585,0.5546167105178621,0.0122428274634485,0.05979264379099111,-1.7068644086690306,-2.505678801407754,-2.3972281700468123,0.21221203011730605,2.511745344804778
numHidden 	5
numGenes 	48
minGene 	-3.0
maxGene 	3.0
popSize 	40
tSize 	20
uniformProb 	0.5
numPoints 	3
numReplacements 	40
rtSize 	20
maxEvaluations 	20000
mutateRate 	0.01
mutateChange 	0.05
numTests 	10
seed 	1523959787054
random 	java.util.Random@677327b6
neuralNetworkClass 	class coursework.ExampleEvolutionaryAlgorithm
Training Set Training
Fitness 0.6354241861691728