-2.7410501714239848,2.4276091012275876,0.6870720620820374,0.39228226633225155,2.18998735573384,0.9630127319831581,1.3098772393699192,0.6303370930959584,2.883285317140454,-0.6476658882398065,3.304623287188397,-1.8565932433805454,-2.0165997399049282,0.5519472187150334,2.6378164139536695,-2.3400069905044703,-0.3433596792488247,2.171047932447604,-2.564298080761856,0.46165586876117465,2.0732373072504986,-2.064203775638761,-1.198173720929518,-1.9897753451178446,-0.9503738421440009,-1.161276789496228,1.8096414629559572,0.8128528602393563,0.7962292007133513,-1.3410654025134006,-2.1299587633366293,-1.9178667877302953,2.797002780758582,-0.12111958409597019,-1.3016699899258872,-0.9175306923265156,0.16536280985712415,2.6511948654737694,0.5172321664402114,-2.3246124716518137,-3.073034036912639,1.3343439728328275,-2.017839089191714,1.0354583086222662,-1.276819972585217,-1.5314474134489464,-1.547926651421934,1.6549764353242102
numHidden 	5
numGenes 	48
minGene 	-3.0
maxGene 	3.0
popSize 	40
tSize 	20
uniformProb 	0.5
numPoints 	3
numReplacements 	40
rtSize 	20
maxEvaluations 	20000
mutateRate 	0.01
mutateChange 	0.05
numTests 	10
seed 	1523959787054
random 	java.util.Random@677327b6
neuralNetworkClass 	class coursework.ExampleEvolutionaryAlgorithm
Training Set Training
Fitness 0.6295411641502066