-1.2633954022404288,-0.7647716092648777,-1.4646658197224907,0.007741616831912171,2.554620856655525,-2.1988046853213454,-0.8029552252888625,1.1270084220767354,1.599867973403533,0.8525841277587599,-3.37645166499492,2.436258714197831,0.8147871836333713,-2.745558099280438,0.22388329247800387,-1.9793126912947063,2.629758183443986,-1.890048943134593,-2.0991505929709486,-1.316951854872733,-2.4526814807524775,-1.5206425097749003,0.36961296718866826,-0.8980516123594755,-1.0809834598682093,-2.4809555218257215,1.2148625359205474,0.3784209982757703,-2.1132871108650737,2.4249687684240557,-1.7770206831145454,1.8430786648801667,0.8738162149393791,1.8002220576527925,-2.241895994514269,2.2004495200410705,0.9131102086552683,-2.2604724160554728,-1.2790920378512805,2.0788883301042427,-1.8134979837612395,-2.56597066307269,-1.7637038713573074,-0.31624243302344257,2.87819404228373,0.9477767823922323,2.3111917788884186,-0.9316309809462477
numHidden 	5
numGenes 	48
minGene 	-3.0
maxGene 	3.0
popSize 	40
tSize 	20
uniformProb 	0.5
numPoints 	3
numReplacements 	40
rtSize 	20
maxEvaluations 	20000
mutateRate 	0.01
mutateChange 	0.05
numTests 	10
seed 	1523959787054
random 	java.util.Random@677327b6
neuralNetworkClass 	class coursework.ExampleEvolutionaryAlgorithm
Training Set Training
Fitness 0.5711499369243058