0.061288961313014007,1.0028932773976102,-2.6286246317176998,2.38905473045714,-1.0028872079710944,-0.3343566674569476,2.409409050665059,-1.1002121813472483,0.2601946861306275,-1.297508027241486,0.24854195437832194,-3.1714736629754308,0.5286164627631011,0.7203689315999224,0.9716522636598712,2.839047330277742,2.084365192917706,-2.337252030066125,2.3859809346175207,2.511884518668835,-0.3356403442236335,0.8203307236751214,0.3212485050852798,-3.7961821039334014,-2.0259835510134168,2.458942503451844,2.5965087083262546,1.4844314774028466,-1.911071338927985,-0.13136938608217374,0.8936125522494115,2.9957233898442954,0.8917155826439744,0.29381818478449045,-2.1596002768031433,-0.26963726829180373,0.7000868673093151,-1.9522781191809837,-2.4405381497426504,-1.538706022396204,-1.1613540972603091,1.9451039527204133,1.0285603398973224,-1.769997441284584,1.4409459143330592,-2.1942105887184473,2.2765138894052104,0.412861718948581
numHidden 	5
numGenes 	48
minGene 	-3.0
maxGene 	3.0
popSize 	40
tSize 	20
uniformProb 	0.5
numPoints 	3
numReplacements 	40
rtSize 	20
maxEvaluations 	20000
mutateRate 	0.01
mutateChange 	0.05
numTests 	10
seed 	1523959787054
random 	java.util.Random@677327b6
neuralNetworkClass 	class coursework.ExampleEvolutionaryAlgorithm
Training Set Training
Fitness 0.5433578180398594