1.5588481608315954,-0.7295963991858487,1.6331823688790066,-1.4689372242744396,-0.9504519876343906,0.8772076636856252,-1.503375904568102,-2.5445143647692277,1.7871174971643882,-1.2244238324659324,3.575591345476063,2.4643515999915326,-0.5437782960781895,0.020504417723503296,2.2644175014689143,3.333864319473423,-0.8616384160751167,0.05374772765701466,-2.7347881178401074,-0.7071637579812158,-3.1755077348066525,-3.1989899950369995,1.523002638088523,-2.149061230564045,3.0269479955682392,1.5764812850101853,-1.4577805087023727,-2.302764210028367,1.0458997455608472,-1.2321676387544789,-0.37708880693222463,-0.5525452629382631,1.9718280942974429,-3.0489803271485796,2.3925194110998653,1.0946217111321925,-2.5464602499411266,1.565211994945699,1.7258211674188033,0.8313595943908199,2.3468033301416327,1.6222921984746126,-1.6000473796393373,-0.23668166175190952,-2.71827294508031,-0.7957267518071021,2.2732224509332686,1.2218802529598647
numHidden 	5
numGenes 	48
minGene 	-3.0
maxGene 	3.0
popSize 	40
tSize 	20
uniformProb 	0.5
numPoints 	3
numReplacements 	40
rtSize 	20
maxEvaluations 	20000
mutateRate 	0.01
mutateChange 	0.05
numTests 	10
seed 	1523935191435
random 	java.util.Random@7c8f46dc
neuralNetworkClass 	class coursework.ExampleEvolutionaryAlgorithm
Training Set Training
Fitness 0.13613029903060028