2.0551404084839784,-1.3467099302015506,-2.2622065320422706,-0.5784901673175349,-1.293086844506002,-0.6205911388132705,0.47911564146049807,0.5330790515351702,-1.2346814855684558,-1.2351487833570398,2.507026193755916,-0.6359461061282852,-2.4208976876896227,-1.1604381308256095,1.731212105998872,1.6567267055066457,-0.39929404378178573,1.769201090625269,2.306770980780624,1.7729500800090607,3.076991104001385,-3.535463027564539,-0.7940541160017139,2.1352807841330748,2.8864316500590634,-2.419702040514679,1.6451501861624303,-3.0340895093590063,1.3310053978730172,2.6322050480678323,1.9714839177890118,-0.9870038127949856,-0.21066149284803587,1.0771424521427693,-0.4148614875833808,2.1399761822132235,-1.6455730028707418,-2.463429140256629,1.4829961238850233,-1.8036857730859923,2.2163799624413603,-1.3580346046670788,3.0251946742282323,-3.1459726050788577,1.787719373916662,-0.32684517616627295,-1.50714890603708,0.06924575015587078
numHidden 	5
numGenes 	48
minGene 	-3.0
maxGene 	3.0
popSize 	40
tSize 	20
uniformProb 	0.5
numPoints 	3
numReplacements 	40
rtSize 	20
maxEvaluations 	20000
mutateRate 	0.01
mutateChange 	0.05
numTests 	10
seed 	1523935191435
random 	java.util.Random@7c8f46dc
neuralNetworkClass 	class coursework.ExampleEvolutionaryAlgorithm
Training Set Training
Fitness 0.09988154530262214