-2.2860339747203997,-0.658934081994871,-0.14028180044166616,-1.3493919715888227,-0.8553763981180358,3.301131000408496,-3.564074143127873,-0.5422497350246042,1.0828765142822505,2.723664440718305,-1.7193166894289216,2.0007009734775876,-1.672415487028622,1.9595160493461667,1.7921359917356836,-1.8635404435136997,-2.1844067874607007,0.01957498343226259,-1.9286934521984942,-1.312733702109934,1.993323697857736,0.8475668755096074,-0.37696795260735744,0.36589271698584497,-2.471279628589443,2.2845716988776097,1.5701913403673868,-3.4830145160028527,1.119564488076683,-1.3497347069742691,0.8394634351317449,-0.6606857632262977,2.6589333926723038,1.3164124128848733,2.44248315934482,-0.8337436666813045,-1.34367871681349,-2.138018034961225,-0.29422128472360193,-0.23784545849005267,-0.9706453931327579,-0.4322381997762423,1.7428713067697181,-0.7524548137778555,1.8157565824107387,0.49574680887434025,2.147534714065827,-1.4240163349646053
numHidden 	5
numGenes 	48
minGene 	-3.0
maxGene 	3.0
popSize 	40
tSize 	20
uniformProb 	0.5
numPoints 	3
numReplacements 	40
rtSize 	20
maxEvaluations 	20000
mutateRate 	0.01
mutateChange 	0.05
numTests 	10
seed 	1523935191435
random 	java.util.Random@7c8f46dc
neuralNetworkClass 	class coursework.ExampleEvolutionaryAlgorithm
Training Set Training
Fitness 0.12060248989329866