-1.463686523823832,2.799179454626385,-2.9748893865189574,-2.5057306095872356,1.163509224220661,-0.7610572264180583,0.3216009061391887,0.42769145495364846,2.308982966260647,-2.028092199650344,-1.7466568778884266,-3.2487659405404834,-0.8970933787857545,2.8180552421356344,0.9542342778431714,-0.4893196335481919,-1.1785946915099703,-0.5576150124315744,2.767912047605207,2.5996732125283666,1.9798315633818253,-1.8548798381052756,-1.3305599058204196,2.533685052317697,1.4356234039590767,-0.030167532824087295,2.289871737941825,1.147430799929865,2.7660433026262563,-1.0287557862809997,2.813346066401942,-0.5220532637161983,-3.164353116910327,0.5294242085369875,1.0744893400952686,1.1578938579729472,2.3509522884100114,3.1316329005688988,-2.8083489471295886,0.765171312881243,-1.3953572592730197,-0.2823777030130084,-2.5615787422219682,-2.3770358266138656,0.3951811888876345,-1.6376958696568513,1.0481436340325714,0.634906086164414
numHidden 	5
numGenes 	48
minGene 	-3.0
maxGene 	3.0
popSize 	40
tSize 	20
uniformProb 	0.5
numPoints 	3
numReplacements 	40
rtSize 	20
maxEvaluations 	20000
mutateRate 	0.01
mutateChange 	0.05
numTests 	10
seed 	1523935191435
random 	java.util.Random@7c8f46dc
neuralNetworkClass 	class coursework.ExampleEvolutionaryAlgorithm
Training Set Training
Fitness 0.22190499952008377