2.0390790705965807,0.6583513336286718,-0.33261537848684863,-0.10742839581942419,0.674605490604339,2.455410454908912,2.4206830434335567,0.13157326678314307,1.711233983846351,-0.3020715193837503,2.3249037589027566,-1.6489964045494974,-0.906042564949961,-0.31916566471745567,-1.6287455307218455,-1.5978757715584744,-2.855766394023516,-0.0224288942118772,-3.3447934380279283,1.9034558278655789,-0.8145768514705682,-1.7230587412094513,-1.3636372224112512,0.8649645974076732,2.9074193700662754,1.9481555079699737,-1.681774199212615,-0.6283388761634248,2.117259412038509,1.7939252940735295,-1.6996933402673446,1.7743189455273933,-1.5811351681285177,0.33176720478654376,-0.580809050098907,0.5221219505592462,-1.1037608558887761,-2.3880388884257084,-1.1911284924066337,0.022281880363621262,1.5213513925830766,1.9519910592639265,1.7605570947513447,-0.5418566580880109,-2.458879745168695,-0.11381774503984694,-0.9712940189283077,-2.6599049789609377
numHidden 	5
numGenes 	48
minGene 	-3.0
maxGene 	3.0
popSize 	40
tSize 	20
uniformProb 	0.5
numPoints 	3
numReplacements 	40
rtSize 	20
maxEvaluations 	20000
mutateRate 	0.01
mutateChange 	0.05
numTests 	10
seed 	1523935191435
random 	java.util.Random@7c8f46dc
neuralNetworkClass 	class coursework.ExampleEvolutionaryAlgorithm
Training Set Training
Fitness 0.28910244875720886