-3.4471876582900984,-2.6337955314623676,-1.767022111101807,0.06695379186915243,0.6139252083533706,1.8093557868549275,0.5685408653510375,-1.4818940667555722,3.1081877277692733,2.227856071543388,0.6979969632214087,1.558219956679131,0.7622525383988892,1.3559439109078049,1.4329158333715397,3.5060636441258017,-1.4220565666472273,-3.2017954355832225,3.3954759055045196,-2.6515949824300433,1.2892153408665952,-1.6464603703462992,2.0862337377711064,-1.2642455177626428,0.14575633113579,-0.35275320835545276,4.004507896816116,-1.7933904549586066,1.660574616935108,0.6212464881810316,-0.4274824801312801,-3.0581605258384914,4.2767564377813585,-2.4349836131881313,-2.0830903587033194,1.4235026269616755,1.945624012440827,1.014044698948881,-2.3303352318563553,1.4468486610736206,2.444296804445675,1.9696450847562985,-1.8309772533661475,-0.8214839514970504,-0.8541195808019314,-1.5620006954697774,-0.37293994440500167,-3.922801253903443
numHidden 	5
numGenes 	48
minGene 	-3.0
maxGene 	3.0
popSize 	40
tSize 	20
uniformProb 	0.5
numPoints 	3
numReplacements 	40
rtSize 	20
maxEvaluations 	20000
mutateRate 	0.01
mutateChange 	0.05
numTests 	10
seed 	1523935191435
random 	java.util.Random@7c8f46dc
neuralNetworkClass 	class coursework.ExampleEvolutionaryAlgorithm
Training Set Training
Fitness 0.23560013017636539