0.35809945190744247,1.1543368138142411,-0.3996035489331872,3.2126023187521744,-1.4912903027364413,-3.0273736965996747,-0.018744537861180202,0.24592015819739965,-0.24483255343786403,-0.5600080866035284,-2.0008464464796623,-1.7622047830319303,0.056649181160563,1.9831807237685843,-2.1835495005901233,0.0680227416754127,0.20814567814410267,1.0147185868286188,-0.5203895952620876,0.3764573129290624,0.6918899001828153,-0.5684786553355399,-2.674720787971464,0.6359097190427667,-1.92728401338687,-2.776518543498225,1.1398064470795222,-1.0488911368907317,-0.9442033811544598,3.218221631458726,-2.498843279642438,-1.0203857070924034,2.9639112547567947,-0.8518187015964975,-1.8880467522127262,-0.34443248930183556,0.9561937655620294,1.7176232809758096,-1.857546659211062,-0.3019850521630145,-3.350385059703398,-2.566760047423294,1.8777830578830834,-0.10180764814351549,-2.253985760959702,-0.43586347518532575,1.522389908658514,-2.5170517410927378
numHidden 	5
numGenes 	48
minGene 	-3.0
maxGene 	3.0
popSize 	40
tSize 	20
uniformProb 	0.5
numPoints 	3
numReplacements 	40
rtSize 	20
maxEvaluations 	20000
mutateRate 	0.01
mutateChange 	0.05
numTests 	10
seed 	1523935191435
random 	java.util.Random@7c8f46dc
neuralNetworkClass 	class coursework.ExampleEvolutionaryAlgorithm
Training Set Training
Fitness 0.27675760584652054