-1.1712405896861247,-1.6754997616366023,0.1819873691140817,-1.7565631536478452,0.4345007678702725,-2.1565814559407706,1.0501752196225729,-3.3988904268742766,-1.115146391715005,-2.4745386453214184,0.7196076144365218,-2.3781196304888415,-1.218403054291039,-2.5272337635979856,1.8961480034062663,-2.0749468778589306,-1.1330284886850321,-1.7645141601951095,1.6831223695717996,-1.5065888018648408,-2.1869885085986946,2.2912971343716357,2.1812644104965857,-1.5728854951237872,0.45394626747042927,0.8102284545354057,-2.939427420004489,-1.4419109779391952,-0.31287417545716095,2.5593560688447186,-0.17178780459739773,0.09215702399306903,-1.9983858130328895,0.26939687593482714,-1.3516507686918982,0.5435197689375219,-0.7123050130345425,1.1606344802563542,-2.11398968025512,1.4943201440183824,2.663211284012142,1.5637547874263305,2.0363652068898888,0.3649749181987065,2.514713988373197,-2.9525950546573525,-2.2545872901533732,-1.9855507232378287
numHidden 	5
numGenes 	48
minGene 	-3.0
maxGene 	3.0
popSize 	40
tSize 	20
uniformProb 	0.5
numPoints 	3
numReplacements 	40
rtSize 	20
maxEvaluations 	20000
mutateRate 	0.01
mutateChange 	0.05
numTests 	10
seed 	1523935191435
random 	java.util.Random@7c8f46dc
neuralNetworkClass 	class coursework.ExampleEvolutionaryAlgorithm
Training Set Training
Fitness 0.18345449011948492