0.7016711639396691,1.2157371688871863,-1.8239557408195552,2.306244799483369,-0.40359973591541054,-2.1372925468048534,-1.5019684823791082,2.4483385181414983,2.6878559766879446,0.8704787526856257,-2.7990787403419395,2.923947065948796,-1.7959980024022117,1.3268472523474428,0.3735397787668279,-0.8493069483658269,1.876644181809676,1.654742676958331,-1.0976676394441627,0.9481842000730167,2.440834036491382,-0.4660067181298893,1.4961910397641578,0.16336463265430895,0.7309787465839244,-1.8454071804739325,-0.6452285475075377,-0.17078983267206937,0.39647650389527306,-0.24539394798752717,-0.22605827363694952,2.0993090382432213,-1.3961346956930667,1.3044973722737683,0.4099035101842333,3.0904951522100728,-1.7262751195131367,0.1408085361434981,-2.0509677541505367,1.3418113174124198,2.7857713484574083,-1.989935603637366,-0.3586489022093869,0.8785378337049825,1.732442388293737,1.7454372165213417,0.6941386936231699,-1.3409229551808517
numHidden 	5
numGenes 	48
minGene 	-3.0
maxGene 	3.0
popSize 	40
tSize 	20
uniformProb 	0.5
numPoints 	3
numReplacements 	40
rtSize 	20
maxEvaluations 	20000
mutateRate 	0.01
mutateChange 	0.05
numTests 	10
seed 	1523935191435
random 	java.util.Random@7c8f46dc
neuralNetworkClass 	class coursework.ExampleEvolutionaryAlgorithm
Training Set Training
Fitness 0.25987765852786515