-2.3339785733147873,1.3801534209444697,-1.0541438665416203,0.47960951871695207,-1.7681659102993683,-3.0069060989048033,-1.4106965674424663,1.3005259711109713,1.127739310106412,-0.7328027651707467,-1.0475000956929854,-1.8926172423857806,0.4990845014585901,0.45653729664374426,0.7900317744254983,0.23064088071958777,0.5020050652817971,2.0091854651814196,1.0268082445005158,2.7247012393815586,-1.8635316427803994,0.9676273536816258,-1.2005217540003377,2.0500164103981096,1.6666049511331786,-2.4729889757572887,2.0963172846418856,0.05344025947847439,-3.027299036887143,2.183675768960218,0.4309602928136692,-0.7095647653633115,0.9857359205313665,1.490782041324825,1.1842361246410407,2.026032244171293,-2.2461128012725573,-0.8890366892439006,3.5631999340761418,-0.4136765821081015,-2.0133407265698113,-1.4987785793095254,1.173146570132422,-2.8456405069717343,-0.4871543096991033,0.5018238235626089,2.4021790567003727,-0.9548672912449496
numHidden 	5
numGenes 	48
minGene 	-3.0
maxGene 	3.0
popSize 	40
tSize 	20
uniformProb 	0.5
numPoints 	3
numReplacements 	40
rtSize 	20
maxEvaluations 	20000
mutateRate 	0.01
mutateChange 	0.05
numTests 	10
seed 	1523935191435
random 	java.util.Random@7c8f46dc
neuralNetworkClass 	class coursework.ExampleEvolutionaryAlgorithm
Training Set Training
Fitness 0.13273694197861408