1.6486436250994316,-1.2703276029975694,-0.6489256851767693,-1.9423792744285566,-1.1194107124430903,-0.8351657878254071,1.5698422192368098,-2.7821657003204923,1.8199924692647986,0.7034850625788722,-1.489277712677423,2.8548662410723304,-0.9109701494835329,-2.304582087143484,-0.09093494792374764,-3.1998483254572805,-0.7253958502188428,-0.4361039777708363,-0.846742467961999,-0.03365400548823627,-2.4327661582791316,0.6196054419484649,2.0657711999226263,1.740932228438054,-2.8328433729314426,1.402176650985304,-1.8980280641957041,-0.45024992559577365,-2.8712431981213467,1.8291358542582612,-1.2294925805602532,2.0977808360792327,-0.6412695825262402,-1.4265655515856777,2.9276114754311235,-0.9326292347655056,-2.29360583218503,0.5776059663081299,-2.6672808575448523,-0.7419672579126355,-1.7675533689078657,0.9207789303602316,-2.286173225487577,-1.4507861847556753,1.102302519256461,0.6546130196960515,3.082287598488074,-2.3582554897000376
numHidden 	5
numGenes 	48
minGene 	-3.0
maxGene 	3.0
popSize 	160
tSize 	20
uniformProb 	0.5
numPoints 	3
numReplacements 	40
rtSize 	20
maxEvaluations 	20000
mutateRate 	0.01
mutateChange 	0.05
numTests 	10
seed 	1523938761337
random 	java.util.Random@677327b6
neuralNetworkClass 	class coursework.ExampleEvolutionaryAlgorithm
Training Set Training
Fitness 0.12859743219710681