-0.6777625974844661,0.21032366979227024,2.5925366497626756,-1.0326660886007921,-0.7235384522530679,0.9670743810932882,3.1592409420581387,-2.3116101974205243,-2.3773174420108685,-2.5199138650464903,-1.3824961773873148,2.1666647511244586,-2.976385866396999,1.779777390181758,-0.08909636281227311,-1.8511999197891786,-0.38221145117847716,2.031852890794762,-2.922229252427589,-0.28917687957790017,1.8800088527563181,-1.2076645649720583,-1.0113669955528781,-2.67425227451752,2.5512379933543743,2.2375114854554026,1.0273826893820726,2.7007108952691237,-2.3154808921319434,0.9151661731310692,3.0468084435038634,1.3324915140755145,2.4805201786294537,-0.8441084318790733,-2.2462724334128183,-0.4491617209966029,0.6397293140137199,1.3586052488278495,-3.1283815677519446,1.7364940086357306,-0.6171075819438534,-0.2886258217416607,0.5965206962385223,-0.5250683863408754,1.0507997422056048,-1.0562051641001373,3.233702387406267,1.7577239803537124
numHidden 	5
numGenes 	48
minGene 	-3.0
maxGene 	3.0
popSize 	160
tSize 	20
uniformProb 	0.5
numPoints 	3
numReplacements 	40
rtSize 	20
maxEvaluations 	20000
mutateRate 	0.01
mutateChange 	0.05
numTests 	10
seed 	1523938761337
random 	java.util.Random@677327b6
neuralNetworkClass 	class coursework.ExampleEvolutionaryAlgorithm
Training Set Training
Fitness 0.37206815868092746