-0.8577872376200817,-1.7253783001705814,0.7856389407315292,1.2437119594103845,0.26329080039366964,2.5478368614510343,2.2332813090668457,1.0573805130585823,2.3612303070026703,-1.919242802192036,2.099205954145016,-1.594606729984807,0.06969083917464217,2.5524230538898527,0.14661774397584798,0.009168135212048664,1.087875807595133,0.3762564671493403,-1.2025547348265893,-2.478424136167758,1.3162076935808518,0.9059309351395917,-1.4423929211152184,0.37081306142147846,0.0017558213676240192,-2.0200437953266226,0.4153533337259052,-1.1614704291870015,-1.502491958057416,-3.2853063516057777,0.46783636677421986,-0.04067699666496402,1.610877961172711,-0.12738842027638508,-0.7710565567298442,-0.2734231692606121,0.5899760584289793,2.6432952746333003,-0.55289562510618,-0.5319300780815563,2.3141952884569017,0.9227402729813123,1.6455582559784059,1.0813775070361527,3.5357480183152408,0.026926103540687668,-2.5938355754482187,-0.8722753500311997
numHidden 	5
numGenes 	48
minGene 	-3.0
maxGene 	3.0
popSize 	160
tSize 	20
uniformProb 	0.5
numPoints 	3
numReplacements 	40
rtSize 	20
maxEvaluations 	20000
mutateRate 	0.01
mutateChange 	0.05
numTests 	10
seed 	1523938761337
random 	java.util.Random@677327b6
neuralNetworkClass 	class coursework.ExampleEvolutionaryAlgorithm
Training Set Training
Fitness 0.5521857820905421