0.5825122465723263,1.7081836555349255,-0.44346313371740875,-0.4525172418000623,-1.5025222304483585,0.5629383997422789,1.1813720114739896,-1.1944545405476363,0.4915792645964772,0.4175990876097645,2.065890156651889,-2.2563079707608464,-0.9217548423011488,-2.511336024336575,0.25838853854240124,1.039180184575109,3.645693708794065,-1.6393899621102443,2.031311925905885,-2.7600909252139347,-4.0377810344372245,-0.250862444112864,0.865378549754146,-0.6634611498404415,0.7491800943060867,1.5425505267119728,0.9873948959856109,0.49739326437212644,-1.1093731695557976,2.128001403662962,0.12007417782577655,2.94461040289175,2.2574779431079,1.9026823840395202,1.0993705323405099,0.8911199925532571,-0.9293448176587955,2.10091159824134,-2.9005030341939824,-0.7973650833037222,-1.138441134446128,-1.8135848809822246,1.827988259522182,0.21495285499730094,-0.8902440769223501,2.66497125209753,1.884000296079183,1.0269305310194285
numHidden 	5
numGenes 	48
minGene 	-3.0
maxGene 	3.0
popSize 	160
tSize 	20
uniformProb 	0.5
numPoints 	3
numReplacements 	40
rtSize 	20
maxEvaluations 	20000
mutateRate 	0.01
mutateChange 	0.05
numTests 	10
seed 	1523938761337
random 	java.util.Random@677327b6
neuralNetworkClass 	class coursework.ExampleEvolutionaryAlgorithm
Training Set Training
Fitness 0.15885463984894976