-2.94186858338627,-0.7745691809161339,-0.6134847685659598,1.0678413291871542,-1.7575336716183634,-2.817706487768122,-1.137192505610314,2.350584741590563,-1.9086625506311226,-0.5066559286596346,-1.2191962321635723,1.3439182361332167,1.5033778297912588,-1.0790301582956623,3.493012074970218,0.9822856972309546,-1.4049964091954794,3.237359354167009,-1.3554221079709257,1.763963329400922,-2.0687032331857718,-1.7875251936188523,-4.009979986866854,3.093944599464792,1.2091027542897201,0.14379903540784195,1.8014806010105406,1.3872800000158712,1.5478024957853809,-2.04595762815813,-2.5596528671663266,0.1548090718696754,-0.7652807728077762,-0.3490099660751451,3.162943772445087,-2.3060988753009104,-2.806500926528109,1.8779979867777017,1.6635225179348272,1.444811877088623,1.629463532018315,0.6637255757329588,0.6204080751253989,0.026516639314424634,2.0551650746503034,0.7487043891467828,2.006756179074332,1.6131449652594823
numHidden 	5
numGenes 	48
minGene 	-3.0
maxGene 	3.0
popSize 	160
tSize 	20
uniformProb 	0.5
numPoints 	3
numReplacements 	40
rtSize 	20
maxEvaluations 	20000
mutateRate 	0.01
mutateChange 	0.05
numTests 	10
seed 	1523938761337
random 	java.util.Random@677327b6
neuralNetworkClass 	class coursework.ExampleEvolutionaryAlgorithm
Training Set Training
Fitness 0.12060431866203994