0.2878190560447718,-2.2265386795077506,0.9780212979923648,-2.2659192124939467,-0.5027854889283006,2.8923071200693604,-1.942915232643979,0.7862132368562389,-2.6989404003157773,2.7314621456534267,2.3813001520767463,1.5999158217874196,0.47367766010114926,0.8759581788548583,-0.9401928333291276,1.911890060293611,1.115170677086011,-0.18276661412837364,2.117875679550214,1.6135857783020375,-1.8492752789955853,0.7969701529266566,-2.4814051591114135,-1.3801553253150944,1.7573967136370021,-0.4315061441312805,-3.120139283299812,-1.3056587722144106,0.8874807391955756,1.4463947164698938,1.328895638418512,-1.4786650451932537,0.6325937248500704,1.5686358465506962,-2.946498965725275,-2.6908562712430273,-0.16769912768084144,0.0045817165354251205,2.639855826153095,-1.4638297627814056,-1.2742746197180577,2.96099256905594,2.271711697846456,0.031697896949069465,1.2454564030665716,1.0581807192542485,0.6417089408170236,-3.799523906924747
numHidden 	5
numGenes 	48
minGene 	-3.0
maxGene 	3.0
popSize 	160
tSize 	20
uniformProb 	0.5
numPoints 	3
numReplacements 	40
rtSize 	20
maxEvaluations 	20000
mutateRate 	0.01
mutateChange 	0.05
numTests 	10
seed 	1523938761337
random 	java.util.Random@677327b6
neuralNetworkClass 	class coursework.ExampleEvolutionaryAlgorithm
Training Set Training
Fitness 0.28910244875720886