2.937179710280157,-0.27563357717858333,-2.616236755738873,1.0594579374311779,-0.7236446599360378,1.971947213845681,-1.0623928804947325,2.759699228480806,-2.1429072568480887,-1.8286976932445422,0.09959695841606923,0.46269246655692725,-0.2725808292186644,1.824597443893182,1.858283329434686,1.0404494775523256,2.582887581727843,0.8269951723372899,-0.39179373042545895,1.8387479156481783,2.340492946637771,1.648760927184872,-0.2637602814057811,2.292634459533084,-1.0098745005586716,-0.4869849720546559,1.7179232616441684,-1.534196050434429,0.12474886351972579,-2.7619888258187366,-2.6278237738758357,-1.7333625594897688,-1.9087192118918546,2.747873957839772,-0.10637607135538317,1.1601944120215075,0.6064133842312307,0.24071712045544225,1.6868917589713464,0.15541325331955508,0.06833972309580597,1.6022761178892757,-1.6183344016229553,-2.4810811836543207,1.968952845321519,-0.8604705925737584,1.9327554378600786,-2.713741940138934
numHidden 	5
numGenes 	48
minGene 	-3.0
maxGene 	3.0
popSize 	160
tSize 	20
uniformProb 	0.5
numPoints 	3
numReplacements 	40
rtSize 	20
maxEvaluations 	20000
mutateRate 	0.01
mutateChange 	0.05
numTests 	10
seed 	1523938761337
random 	java.util.Random@677327b6
neuralNetworkClass 	class coursework.ExampleEvolutionaryAlgorithm
Training Set Training
Fitness 0.28910244875720886