2.067366783946066,0.889404131955919,0.3042319026073277,2.149150671520459,-0.8815746059267009,-2.36684331981595,2.1641627927599947,-1.7599197578564179,-0.5145726945550251,1.555052598520246,0.9615969345715033,1.2745533775133302,2.4178326924933984,2.434952617691458,-0.5016183640200285,-0.6221846081202027,1.5206610917608063,-1.8057436229796924,1.5966757723603198,-0.6431807815530299,2.6418762614217064,-0.9524320628501501,-1.5330675338277513,0.856616007079178,-1.3906139950551413,0.2422104212904273,-0.25345829248852164,-2.294105244839589,3.0043382726904166,-2.1344142231297014,0.2713041676633697,1.2419385330984751,-0.005638647609641181,2.407450992945871,2.30024967885062,-2.7117602662590863,0.42483632968043794,-2.265279071340729,1.1145229572819393,1.5785040619139303,-3.159185153618096,-2.0594991280650943,-2.5351756753101187,-0.31685055486407393,-2.2527146700142784,0.36696198761721505,2.7804097663804708,-1.9927486986597758
numHidden 	5
numGenes 	48
minGene 	-3.0
maxGene 	3.0
popSize 	160
tSize 	20
uniformProb 	0.5
numPoints 	3
numReplacements 	40
rtSize 	20
maxEvaluations 	20000
mutateRate 	0.01
mutateChange 	0.05
numTests 	10
seed 	1523938761337
random 	java.util.Random@677327b6
neuralNetworkClass 	class coursework.ExampleEvolutionaryAlgorithm
Training Set Training
Fitness 0.2677428853356322