-0.8681480339241758,-1.3835058489146472,-1.1873545668786218,-2.8952384670710325,-1.9304027379634743,0.21443709784751086,-1.7163239706692381,-2.2333779979054893,-0.11173870998405037,2.729156968486655,0.8860272334815836,-0.30170532971402436,-2.1621705094643695,1.291999520324628,1.5655606768220618,0.5455970202506365,0.9254397203051061,2.244472681883959,0.6328882810487249,-2.329492736400357,-0.43201279408541876,-1.6211930769765714,-2.3802908195211856,-0.8168090406670627,1.049218073696237,0.45495569091364235,0.02889119096571799,1.5290622331904853,3.577505825999933,-0.6970497161706292,-3.0442458382738025,2.268016050122254,-3.129429591197006,-1.7322388630255494,-0.7726872472705613,0.6528684864819876,-0.45544485574685806,-0.44254749468115623,-1.5925424674987345,-0.014072365350874208,1.7319223717873133,-2.74911605853812,2.456164419652543,-0.39875837295214384,2.106160951266502,0.10117115419568697,-0.5258577020996573,0.429756264980239
numHidden 	5
numGenes 	48
minGene 	-3.0
maxGene 	3.0
popSize 	160
tSize 	20
uniformProb 	0.5
numPoints 	3
numReplacements 	40
rtSize 	20
maxEvaluations 	20000
mutateRate 	0.01
mutateChange 	0.05
numTests 	10
seed 	1523938761337
random 	java.util.Random@677327b6
neuralNetworkClass 	class coursework.ExampleEvolutionaryAlgorithm
Training Set Training
Fitness 0.23373957339835874