-2.2461274218740375,-0.48722029214648666,3.8307761167639383,-1.4500814098805546,0.8252524312069265,-3.031962845372602,2.22365368449407,3.0956492411710794,1.0998681537880421,-0.4765520771460449,-3.121221913113968,-1.1898535941907553,2.8987596334355157,1.5463835980181824,3.2872542608791573,2.2233527083360176,0.24629214328402654,-0.7133990046243699,-2.436989343909593,-0.945227334633755,3.0119172648939987,-1.7428524430004866,-1.6348900801905883,2.9844523721490654,0.6296013000965722,1.0504583531841925,-1.053961885819264,-0.6516147415588991,0.8501713409765321,-2.205497701847978,-0.11541103363408721,1.0360080591804908,-1.26014858880545,-1.02761892698971,1.8396493627688424,3.0300867888958427,-1.3487594030314218,-1.6619174752174222,-0.1659426733955173,0.5107133310670312,-0.3346553986671501,0.0191318360636525,-2.254071401363234,-2.5670168683673857,0.40363080826064157,2.7256834299453168,-0.5045560900260546,2.7753291425727387
numHidden 	5
numGenes 	48
minGene 	-3.0
maxGene 	3.0
popSize 	160
tSize 	20
uniformProb 	0.5
numPoints 	3
numReplacements 	40
rtSize 	20
maxEvaluations 	20000
mutateRate 	0.01
mutateChange 	0.05
numTests 	10
seed 	1523938761337
random 	java.util.Random@677327b6
neuralNetworkClass 	class coursework.ExampleEvolutionaryAlgorithm
Training Set Training
Fitness 0.10590784515486015