-0.06424699767913825,-2.3297668330036982,-1.0953441607864427,0.44473410536773506,-1.9848029032348158,-1.0435700356381843,-0.7535075653588312,-2.9514745014660466,-1.212788734234461,-0.3777273328237463,-1.6945400818025886,-2.522547221419771,3.216925543040495,0.07798281281421178,-0.23182839140631073,-3.338768601531452,0.5735536434033732,0.9054178839131362,0.10043798118129664,-2.4096858285688936,-1.2761804171440445,2.064825449736632,2.572324946905016,0.5720373908617908,2.936021022285553,1.5479243512090413,1.3942093436380536,1.9927801194543207,-1.8909769280564312,1.5219781511156214,1.3974609727083287,2.1110751955648803,-2.511475575140418,1.5044480822558544,-0.6898207730556905,0.3202831544918562,3.268484144734095,0.1402353215699929,-0.6172927045638849,1.0206121996183883,0.4486442740157771,-2.226556101301788,-0.24055233902946704,1.9789379573060153,0.5796291308869099,-0.6369845339567584,0.7227921414325731,-0.4689496984058837
numHidden 	5
numGenes 	48
minGene 	-3.0
maxGene 	3.0
popSize 	160
tSize 	20
uniformProb 	0.5
numPoints 	3
numReplacements 	40
rtSize 	20
maxEvaluations 	20000
mutateRate 	0.01
mutateChange 	0.05
numTests 	10
seed 	1523950598762
random 	java.util.Random@4554617c
neuralNetworkClass 	class coursework.ExampleEvolutionaryAlgorithm
Training Set Training
Fitness 0.1312046903905983