3.4719523814061084,-1.6613959415757316,-1.0698467690072144,-0.404130528805729,2.1349694699663546,-2.788173338330951,1.7638346828579374,0.4273783685327597,0.7665553037122335,0.8918192079321581,-1.2415009449317018,1.6082577094805615,-0.926307010771747,1.6989063121621024,-0.36999781305220025,1.0806360179701573,1.5597587805063982,0.7752327473293528,-1.0138415321049588,-1.945191180476699,-1.1031864859548375,1.9685313524785533,-0.056860875554791634,-0.5162650450191286,-2.716362829429637,-2.3321964750615987,-2.2597974737189306,-2.654066049791301,-0.25728496879321305,1.5967611353551674,0.035461324164398816,0.23931207444315455,2.940246080002373,-0.28889107916861073,-1.3600025329225498,1.6224265975697252,-1.5683976099714614,-2.0765144843217604,-0.8402533590167056,-0.33881474148576446,0.19052892237414404,2.8451119261766697,2.164182258452943,1.6979608906755799,0.37373065476345596,1.3359328398104877,-0.46205945446430646,-2.2934152090481197
numHidden 	5
numGenes 	48
minGene 	-3.0
maxGene 	3.0
popSize 	160
tSize 	20
uniformProb 	0.5
numPoints 	3
numReplacements 	40
rtSize 	20
maxEvaluations 	20000
mutateRate 	0.01
mutateChange 	0.05
numTests 	10
seed 	1523950598762
random 	java.util.Random@4554617c
neuralNetworkClass 	class coursework.ExampleEvolutionaryAlgorithm
Training Set Training
Fitness 0.28910244875720886