-2.917723224804528,2.0031799922990268,1.695249202544403,2.2231284877175375,2.0391277155629863,0.9852837847123022,0.45259547882780954,0.42875143985095343,-2.1319362201891527,0.898014862991932,1.5520570223038817,-2.478264540157392,-0.43379553767393875,-0.876163174685767,2.6305564864717415,1.7901764020060331,1.6879932100259107,2.456876866425425,-3.294364750511294,-2.723595175696137,1.2341437842455758,-1.3331535563800885,2.1000743022159236,-0.6855957373127943,-0.7547187288626256,0.6785323514243238,-0.4902707736759433,1.936698580429344,-0.36731091411673295,-0.011377987423090666,1.5686713854755578,-0.9511577868385308,2.368807142444161,0.5162387827836479,0.6497065027341757,3.088003550435352,-0.36214290593084736,-0.1543305173412131,1.3098309420918044,1.687993940177751,-1.3877905443569112,-2.3306204496204685,3.099166744105416,1.1164516080860838,-0.62716088083671,2.7765166689739633,2.7484028219964918,-1.9692496412378684
numHidden 	5
numGenes 	48
minGene 	-3.0
maxGene 	3.0
popSize 	160
tSize 	20
uniformProb 	0.5
numPoints 	3
numReplacements 	40
rtSize 	20
maxEvaluations 	20000
mutateRate 	0.01
mutateChange 	0.05
numTests 	10
seed 	1523950598762
random 	java.util.Random@4554617c
neuralNetworkClass 	class coursework.ExampleEvolutionaryAlgorithm
Training Set Training
Fitness 0.13445820649593065