1.1872296283338761,0.7699289859507281,-1.1689814929874485,2.8538309840251115,-1.2212619193595342,-1.4183987374986906,1.5888694745777325,1.2888392353693465,1.630456253630728,0.8324796223177993,1.976662637054006,-0.20283433321564404,1.6460115281665668,0.43402948137748687,0.5705656459181019,2.8632507304237356,0.09837985153537591,2.6244335790980626,-1.1083247419058948,-1.9657663474773794,-1.739604448241331,1.9537163075757913,0.7399195901360569,-0.25770661812034534,1.4672492229342355,1.6132068281726433,0.2362819554198255,0.5585512942615579,-0.507157176923356,-1.5002931563900275,-0.19419206209197615,1.8804283999013613,2.282425289073024,-0.4378448732950792,0.6631488248114832,2.0805220682026206,0.631971856554135,-2.976499607567995,0.8791949103695595,2.108735440776708,-2.95967828569169,0.10291729872198917,-1.2383532581404526,2.44057025148053,2.783134367793182,0.8334217300907139,0.4241714780311648,1.8031605042133128
numHidden 	5
numGenes 	48
minGene 	-3.0
maxGene 	3.0
popSize 	160
tSize 	20
uniformProb 	0.5
numPoints 	3
numReplacements 	40
rtSize 	20
maxEvaluations 	20000
mutateRate 	0.01
mutateChange 	0.05
numTests 	10
seed 	1523950598762
random 	java.util.Random@4554617c
neuralNetworkClass 	class coursework.ExampleEvolutionaryAlgorithm
Training Set Training
Fitness 0.36154298587091144