0.7025698146378614,-0.8864098304770307,-0.06330535084938235,1.4837782183614145,3.5883901246796865,1.577393496295769,-2.605231260103001,-1.995062364326115,0.06335361633890901,-0.818853234702972,1.1813277079685098,-1.392438533769592,1.5544832762049745,-0.6776176716348021,-0.17297090315359936,0.8456739087888359,-1.2336338853592599,1.429605188283053,2.9826123217063447,1.3770873286680088,-1.6593571873926802,2.826874551948756,0.956078136793735,-0.7283419584013784,-1.8168945634663454,1.5744032267219368,1.6321193145070698,2.3673787148533947,0.2735279584014359,-1.5580055077778088,3.0590420072762434,-2.2065658136536364,3.085463729275703,2.4936282197303514,2.7942822357749053,0.3445849330313653,0.29285227254685414,-0.1295133576183142,-0.1570247788843968,-1.7060253881194476,0.2773890796954275,2.6061964015895267,-1.5451016878847053,0.9716933648330777,-1.524780020261719,0.8420507818886453,1.913467372220775,-2.6858362058721434
numHidden 	5
numGenes 	48
minGene 	-3.0
maxGene 	3.0
popSize 	160
tSize 	20
uniformProb 	0.5
numPoints 	3
numReplacements 	40
rtSize 	20
maxEvaluations 	20000
mutateRate 	0.01
mutateChange 	0.05
numTests 	10
seed 	1523950598762
random 	java.util.Random@4554617c
neuralNetworkClass 	class coursework.ExampleEvolutionaryAlgorithm
Training Set Training
Fitness 0.13867313063048092