1.6292474497924039,-2.330422944288414,-1.3674412993728322,2.489823530974772,2.8547478433730875,1.6113238541071613,-1.7066022529177092,-0.6317672323079282,2.623889836176449,2.771122108794099,-0.6053124576935156,-2.291148440304035,-2.4586911418690836,-1.7776816124589805,-0.27852239047700145,1.028174541055152,-1.67530714356027,-0.8665005879836397,2.5414426581680774,-1.6884949506556535,1.8463491275144404,-1.031141170899746,-1.3947052135083953,-2.46387596100124,1.0523949963307344,2.5568698116368473,-2.5143468053512357,-0.7653168357942184,0.031142908495200322,2.3608473076236267,1.5991840229883316,1.9228346513131354,-0.6293915931802212,-2.937286079635564,-1.1810684521841066,2.3865918241315445,0.8509294410386816,-2.563478619629107,-0.6166282839598505,0.7839025330841611,-2.4391535664127995,1.641011236481721,-1.8041736060746785,2.8613973564645043,-2.391752298836654,2.3007343882103566,0.5324913996253471,-1.0787364718691728
numHidden 	5
numGenes 	48
minGene 	-3.0
maxGene 	3.0
popSize 	160
tSize 	20
uniformProb 	0.5
numPoints 	3
numReplacements 	40
rtSize 	20
maxEvaluations 	20000
mutateRate 	0.01
mutateChange 	0.05
numTests 	10
seed 	1523950598762
random 	java.util.Random@4554617c
neuralNetworkClass 	class coursework.ExampleEvolutionaryAlgorithm
Training Set Training
Fitness 0.28910244875720886