2.228557682168131,-0.0992468514240367,-0.21927406929002935,-2.5085167403381377,2.760937568669209,2.4230895365849703,0.7076097716644245,-2.3681093188177744,2.2166000216908426,-1.483406196206043,1.118006360343437,1.9459119878607676,0.5687188504634716,1.6078246883305658,0.8847803442287461,2.7080830534380302,0.474471754843031,-0.2326535845303897,0.43511755255583384,2.0926633572272744,-1.2065035499161239,-1.2311263491343203,0.044814190608898685,0.13162777181524407,-1.984443899193528,-2.307405185080202,1.8220444361245256,2.8792865482127805,1.8437885428884955,-1.0392497712064361,-2.2029034778332592,1.3839060285653837,0.24202474768953675,-0.6349783227800072,1.8904286528994234,1.0319475126559015,0.9542680999913808,0.504276069780978,0.1747553183549121,1.583268219039878,2.0415381375405737,-0.10230981767933349,-0.0722657450248688,2.2558678860012487,-0.34411020331098185,2.5222679305955547,2.2401816687678417,-1.1035040272561931
numHidden 	5
numGenes 	48
minGene 	-3.0
maxGene 	3.0
popSize 	160
tSize 	20
uniformProb 	0.5
numPoints 	3
numReplacements 	40
rtSize 	20
maxEvaluations 	20000
mutateRate 	0.01
mutateChange 	0.05
numTests 	10
seed 	1523950598762
random 	java.util.Random@4554617c
neuralNetworkClass 	class coursework.ExampleEvolutionaryAlgorithm
Training Set Training
Fitness 0.14814451899479808