-1.8261750129785428,-0.9272034160873706,-0.20812094604381948,1.1285317689201109,1.8128775296369801,-0.5550416084743136,-1.2850614281142747,-2.123646514010208,0.9936432104667232,-1.1159905395933485,1.9404466388278352,2.9910833063572886,3.384127142348545,0.49452487848377485,-1.0883343285973146,-1.3770616440113739,1.5637758426510031,0.8988640216468471,2.3735366989244264,1.6340660351874354,-1.8739767937642047,-1.554358538046565,-1.5769780490310106,-1.0134384152676725,0.16916318054506352,-0.03722726082499683,-0.7978603837338005,-1.7948435258074544,0.7369173563331155,0.19214470933207667,2.1175168796023502,-0.8399746862140569,0.7243551390772194,0.3441282430934788,-2.4566675486778973,-0.014919025503206909,-2.693371739198022,0.14882769200337043,0.5250698544501877,-0.395455195954199,-1.9227273180022961,2.5571293370927695,0.39954619391520035,-2.114490959312887,-2.2003672462767057,0.008286165190411046,-1.1177686775122624,-1.133377662194883
numHidden 	5
numGenes 	48
minGene 	-3.0
maxGene 	3.0
popSize 	160
tSize 	20
uniformProb 	0.5
numPoints 	3
numReplacements 	40
rtSize 	20
maxEvaluations 	20000
mutateRate 	0.01
mutateChange 	0.05
numTests 	10
seed 	1523950598762
random 	java.util.Random@4554617c
neuralNetworkClass 	class coursework.ExampleEvolutionaryAlgorithm
Training Set Training
Fitness 0.1526719861611979