-2.9014210530501994,-0.16964700273968053,2.315413080787447,2.5054901892964967,-1.7780677174560335,-3.523428894743197,0.6988767713068121,2.6623118263696126,0.713869958461678,3.268746178578639,0.4324635765881081,-0.3334104346236264,-1.91275903633059,-0.24453667952674285,-2.202115998080477,-0.44231141077656094,2.854234799158621,-0.09247713459472466,2.6155583909055533,-2.4728020636125265,-0.29858632798178225,1.7022879767299393,-2.9444909878622525,-0.07711621224126812,-0.24986542263735734,2.624657406241199,-0.3445359623479057,1.2697507717400187,-2.040813265802301,-1.980094140536982,1.7653002362145997,1.9354439382646917,-2.3520490158780216,-0.9605072331109172,0.10218809867504809,1.9668371878158808,1.3273754229044668,2.7642998833804775,1.803536109242486,0.41175801611048807,-1.9274586800734994,0.5206167010212072,-0.7949334977270102,1.7644120455046057,1.9045843329127297,0.772555797547124,-0.05091369590838116,1.3351794764533214
numHidden 	5
numGenes 	48
minGene 	-3.0
maxGene 	3.0
popSize 	160
tSize 	20
uniformProb 	0.5
numPoints 	3
numReplacements 	40
rtSize 	20
maxEvaluations 	20000
mutateRate 	0.01
mutateChange 	0.05
numTests 	10
seed 	1523950598762
random 	java.util.Random@4554617c
neuralNetworkClass 	class coursework.ExampleEvolutionaryAlgorithm
Training Set Training
Fitness 0.1641709155211677