1.6288853711034914,1.449566239054537,0.014893156035638747,-2.194709241521543,2.88426560440437,-1.9419742669243454,-0.6431454198051967,-1.0410280620775714,-1.9314356799605135,0.5990387860115799,0.8072435683444932,-2.074656775818126,2.926643539094746,-2.084067861769047,-0.7098333326482853,0.4065677411030012,-2.4792954033414376,2.061998302572916,2.0213873642426625,0.8839765804452979,3.0888151780605195,-1.7994647254945004,0.8883870997692254,-0.09438148032047707,-3.0575394485474456,2.253770378962844,-0.5431779864306574,2.968612446670833,2.3586247076672464,-0.5775182449599776,-0.5124077968392893,2.132761872092046,1.4887013838093557,-1.7381958117673115,2.9342853282367196,1.7343174619028499,0.11083813369705085,-2.050123113369997,1.3138065623057678,1.2386940415452186,2.1441044867805727,-0.9753381342016187,-0.6464497949034304,0.3283681962475552,1.6721824974314141,0.8904361650884847,2.0165180429808913,0.017108302336605166
numHidden 	5
numGenes 	48
minGene 	-3.0
maxGene 	3.0
popSize 	160
tSize 	20
uniformProb 	0.5
numPoints 	3
numReplacements 	40
rtSize 	20
maxEvaluations 	20000
mutateRate 	0.01
mutateChange 	0.05
numTests 	10
seed 	1523950598762
random 	java.util.Random@4554617c
neuralNetworkClass 	class coursework.ExampleEvolutionaryAlgorithm
Training Set Training
Fitness 0.2672461868497871