0.028765610586004076,1.7521568904432951,-0.6099032668882824,-1.3534386095374191,0.7561639552933106,-2.1068217863535104,-2.825952848424018,1.8237896600697834,-0.5916288042575513,1.965287049274604,0.4562873012347611,1.053633973903941,1.881108510610445,-2.128456370006323,0.15190132024739106,-2.524411647311571,-1.5633888802342222,3.0498565232230526,1.5540992338520572,-1.5267513992477335,0.3876078067164684,-1.9952536173503892,-0.5408173472875903,2.882912229899609,3.340771774383141,2.4286552733118683,1.0311271664442012,-0.12114866195959664,1.0250698132295943,1.6264126394240932,1.9786670812440097,1.832268857335485,1.9347325937206024,-0.4923588104155375,-2.9591783931796276,-0.4391315422766445,0.45836917880475886,-3.1994442317086977,2.787340595323003,0.5933921548068724,-1.7049585727089438,-2.233216466409899,1.2886012627215269,0.06839838548943025,1.0249154552978172,-1.6394974229347157,0.895029947150517,-1.1810204131558064
numHidden 	5
numGenes 	48
minGene 	-3.0
maxGene 	3.0
popSize 	80
tSize 	20
uniformProb 	0.5
numPoints 	3
numReplacements 	40
rtSize 	20
maxEvaluations 	20000
mutateRate 	0.01
mutateChange 	0.05
numTests 	10
seed 	1523951312791
random 	java.util.Random@4554617c
neuralNetworkClass 	class coursework.ExampleEvolutionaryAlgorithm
Training Set Training
Fitness 0.13887523186942577