1.228285924165961,-0.058121614629367185,-1.9012837899980153,2.5935742788084397,0.5841539406643892,0.21788993410326862,1.0904818355659625,-1.097268450518665,-0.13248774116951145,1.9121270894656637,-1.8233579914213136,1.7646267703343297,-2.5370758547688776,-1.1058043092046757,1.6319932206665084,-0.7375452262089159,-0.5690707141859015,-2.12396620408275,2.6188453931457607,-2.868324538807201,-0.29701226301696265,-0.885834945286494,2.0184167677130054,-1.598470342033951,-1.7033640839629536,-0.17463813904005826,2.6973257537630024,2.7724186301722673,-2.392126638290136,2.8214666386821694,2.8816303765319873,-0.09498518822044609,0.46553261241748106,-0.6187689356489485,1.2323470907277678,2.1028292683548115,-1.6023784889231023,-1.373359940368899,1.5753666643669038,-0.8866797821361239,0.6123588785159477,-0.44170024352735504,0.8851690704832007,-0.7965103278664571,1.3368605479143005,2.529076055299294,2.305723817155121,0.18427033036614487
numHidden 	5
numGenes 	48
minGene 	-3.0
maxGene 	3.0
popSize 	80
tSize 	20
uniformProb 	0.5
numPoints 	3
numReplacements 	40
rtSize 	20
maxEvaluations 	20000
mutateRate 	0.01
mutateChange 	0.05
numTests 	10
seed 	1523951312791
random 	java.util.Random@4554617c
neuralNetworkClass 	class coursework.ExampleEvolutionaryAlgorithm
Training Set Training
Fitness 0.37206815868092746