-0.29181992647329247,-3.5507369551593477,-2.1586148704427592,-1.9071548978203805,-2.7129391271980214,-2.7998835534168096,-0.4266557231643303,3.1347244952778714,3.004134607716198,2.0691357020081256,2.9804449129803974,-0.10134572640776529,-1.3952375025623358,-0.8619973345364642,-2.7756645172672494,-1.3310478254208122,-1.8124670685029929,2.38957922036165,1.5430309402302522,2.4599875343004234,1.183863280501164,-1.0280407282094988,-1.5246240926065142,-0.8641028845424163,-1.2253513825984046,2.7412639428132684,-0.8154638442292181,0.6889445645986998,-0.45757007200971184,-0.7332881800150701,0.8452014946437092,-0.2377966389225864,0.14935507535629144,-0.8298312957848826,0.31973452855652607,-2.9903300320024866,-1.0895015076829533,3.048554830569115,-0.05345760894403559,0.731827915920815,-0.9510948501011631,2.991155398216832,-2.7505029583505056,1.4071123703090112,-0.8269795824286412,-2.2949428377447347,-0.8497216922353465,-1.5903575745107463
numHidden 	5
numGenes 	48
minGene 	-3.0
maxGene 	3.0
popSize 	80
tSize 	20
uniformProb 	0.5
numPoints 	3
numReplacements 	40
rtSize 	20
maxEvaluations 	20000
mutateRate 	0.01
mutateChange 	0.05
numTests 	10
seed 	1523951312791
random 	java.util.Random@4554617c
neuralNetworkClass 	class coursework.ExampleEvolutionaryAlgorithm
Training Set Training
Fitness 0.026953489681032682