0.9233418804532902,-2.873476776232427,-0.32792456138055837,2.245342669951783,0.43917001347054374,-3.0087791612332238,2.007488516032945,-2.4403134693724615,0.2754772776275733,2.9527279037752354,-0.9690997707100995,1.269719873008856,-0.3292909062052489,-2.884061492041534,0.6522287881718702,1.3787783985931796,-2.215543631186118,-0.7333646290322058,2.0858083821569227,3.399459187630195,0.5051026167919623,1.126576140301381,-0.7213617804129235,1.0136390646416342,-0.7255463636257982,-0.6326568565497007,2.795403737680296,-3.0715412350155846,-2.6403883470891567,-1.0708636886609255,-1.4221648005494683,1.141442496073457,-2.6261614469540415,-2.1534506312605632,2.1612034296889613,1.2775369298759867,-2.592861410674889,-1.8732754051287142,-0.6165115549175756,-2.1520447096453585,2.4237753330010703,2.6061458878275143,1.1629891071036305,-0.9446697532492705,2.517920167870699,0.5306852807481641,0.547878180687652,-0.8682183061401885
numHidden 	5
numGenes 	48
minGene 	-3.0
maxGene 	3.0
popSize 	80
tSize 	20
uniformProb 	0.5
numPoints 	3
numReplacements 	40
rtSize 	20
maxEvaluations 	20000
mutateRate 	0.01
mutateChange 	0.05
numTests 	10
seed 	1523951312791
random 	java.util.Random@4554617c
neuralNetworkClass 	class coursework.ExampleEvolutionaryAlgorithm
Training Set Training
Fitness 0.1299403393681112