0.4199659728381552,-0.8797730583680237,3.3682121863289156,-1.756121219741998,0.0013011169640747972,-2.732780161397446,1.6932288267869096,-1.2661600076122983,-0.8725918861746578,3.1677476504484297,1.0803609679972068,-2.4087694910415656,4.106573046002994,-3.1465323508863663,-1.2128562711001813,0.987954833240533,-2.623247911502994,-1.7578570465925227,-1.0347211667284029,2.9288698733335865,1.2274185298271307,2.1357805481977223,2.9747667281852026,0.28935542543775494,-0.09709971173071023,-0.9584946778347161,0.6873853523708862,-2.59020460462881,3.8676660584002898,-1.5681436993687343,-1.3996000462859257,-0.691229672103663,-1.758252038028995,-2.076699484259772,-2.6971234947912754,-1.0673716606837733,-2.220270829460295,-1.6486275006188391,0.7959526154619196,-0.19754594822354948,1.969453348276217,1.2579524758132206,1.114905459773318,1.9003200722211342,1.016852267111704,-2.6691909191857746,1.3348407170685337,-0.6949383338558968
numHidden 	5
numGenes 	48
minGene 	-3.0
maxGene 	3.0
popSize 	80
tSize 	20
uniformProb 	0.5
numPoints 	3
numReplacements 	40
rtSize 	20
maxEvaluations 	20000
mutateRate 	0.01
mutateChange 	0.05
numTests 	10
seed 	1523951312791
random 	java.util.Random@4554617c
neuralNetworkClass 	class coursework.ExampleEvolutionaryAlgorithm
Training Set Training
Fitness 0.3767126827282664