2.603801710400612,-2.555436022705747,2.5183368443464422,-1.8056224629887354,2.017618525838486,3.1460804750527673,1.8688080094407062,0.4901051223591411,-2.7320824687073166,1.8176441558100438,-3.2356958969095326,-1.7841592909267974,2.0150583834441296,1.5904794018056947,-2.8079299611626527,-1.3615528255354847,-0.21245844167148675,-2.754571289937883,0.6829683524769905,0.38278783053228693,-2.6914004546089285,2.0522140568879266,0.11538050657847747,2.5521107586633605,2.5933215560564085,-0.865803507968941,-2.423108362873336,-0.80546886760287,0.3008733108130123,-2.694011902712693,-2.175626184001213,-3.101292860284885,-2.0146496435847125,-1.325374448677586,1.385812993873709,-0.1110886186335172,1.5852943703277713,-2.524125508635744,-0.11253703799209124,1.364308895895935,1.0758841447935896,-2.164404744198546,-2.7323590028669584,1.239364619450119,-1.1207065289478533,-1.9480430077159034,1.9037157756276464,2.5419106023943288
numHidden 	5
numGenes 	48
minGene 	-3.0
maxGene 	3.0
popSize 	80
tSize 	20
uniformProb 	0.5
numPoints 	3
numReplacements 	40
rtSize 	20
maxEvaluations 	20000
mutateRate 	0.01
mutateChange 	0.05
numTests 	10
seed 	1523951312791
random 	java.util.Random@4554617c
neuralNetworkClass 	class coursework.ExampleEvolutionaryAlgorithm
Training Set Training
Fitness 0.37107923361444417