-2.9147358131655112,-1.4178035675729124,-4.780532904204894,-0.11041820909654489,0.7001717646871599,-1.840379016093301,4.134338881700442,-1.9298298879995461,0.48844121627671827,1.9014215302126796,3.4633021636699226,2.87070782644855,-2.9835382533852544,2.935696086881605,-1.2443567965334152,-1.2002476641969626,-2.368393030938251,0.9401788542471139,2.246845082661289,-0.8810312357565804,-1.4649791622232886,2.090365700587604,-1.1096844985680416,2.322281090262912,-0.6597841781916944,-1.8993220168763225,0.13280764175254237,2.657294508079663,1.592131675666108,3.290242448196566,0.9431408878002612,-2.1585280241896605,-1.8494031236801678,0.9810398228779813,-1.9481244884530964,-0.9295382284700333,0.008930727300862293,2.49984341489425,-0.25485767525201997,2.4483992174912546,1.5727253167598985,1.806545881208082,-1.071125677132226,-1.5100745860992646,-3.0343600060429576,3.2601392476822335,-1.4097657993891768,-1.148910245601864
numHidden 	5
numGenes 	48
minGene 	-3.0
maxGene 	3.0
popSize 	80
tSize 	20
uniformProb 	0.5
numPoints 	3
numReplacements 	40
rtSize 	20
maxEvaluations 	20000
mutateRate 	0.01
mutateChange 	0.05
numTests 	10
seed 	1523951312791
random 	java.util.Random@4554617c
neuralNetworkClass 	class coursework.ExampleEvolutionaryAlgorithm
Training Set Training
Fitness 0.27791688851223784