0.31693058857866113,-1.8839946649001906,1.1853684010787555,1.6285791634079179,-1.3911791314440192,1.7075404907413456,1.0878120262833797,2.960171563447804,0.07693151324329543,0.584232580055738,-2.25722782949006,-2.0213285813363546,-0.7338089059388968,-0.8164131547253353,-0.7831771509963925,1.2879075290551365,1.4030333152990515,-3.1526501797116344,1.1270978135545502,2.487808590094862,2.081062512515043,0.2925258595017322,2.3749842874610865,-2.858963892481638,-0.5887226961576779,-0.8163928740039317,2.9657059005303203,2.5400430633281834,0.5598892696615574,-1.856590700768313,-0.1914861033762275,0.1883178235734005,-2.7129960572996987,0.11451016691623848,-0.1738193986826036,-0.6220718072451628,1.9771696119553768,2.595401007132824,-1.7760180746812386,2.601342653487489,-0.5819699875107169,-0.2749306457560568,1.37733397504692,0.6288639544891363,-0.46394643160445154,2.626840309368741,-1.3062628572582606,-2.4361295952683193
numHidden 	5
numGenes 	48
minGene 	-3.0
maxGene 	3.0
popSize 	80
tSize 	20
uniformProb 	0.5
numPoints 	3
numReplacements 	40
rtSize 	20
maxEvaluations 	20000
mutateRate 	0.01
mutateChange 	0.05
numTests 	10
seed 	1523951312791
random 	java.util.Random@4554617c
neuralNetworkClass 	class coursework.ExampleEvolutionaryAlgorithm
Training Set Training
Fitness 0.28910244875720886