2.617978627181029,2.398980720275264,-2.190731173147421,-1.9155077672011007,2.284026733618295,0.5158922394323163,2.880259506782603,-1.1275380025658168,0.9044639082747158,1.808155345239999,1.6457607152275027,2.3074027212441983,-1.1871758588046029,-0.594914183231529,0.14915060831232413,1.5888227819845244,0.9155231850092203,0.4430121280984959,2.828133302062846,0.6327446815053566,-2.4014952111199293,-0.6996568668446577,0.09767216624881096,0.3653969703082633,2.541305757882826,-1.1431491122839397,1.1626773036633473,3.457935372184302,0.023343421272575063,0.8251529126711894,0.3427068865704348,-3.316423766668188,2.8115251272184745,2.9035512351102746,-1.9360033370271643,-0.4015489641364046,1.2600736973865838,-1.061940973882055,2.7846709652000206,0.054906901484052,-1.3672352399897136,2.007614937150934,-1.68295961649537,3.550905241541363,1.8245623122846155,1.9601603340971299,-2.753562062913251,-0.8484111319280336
numHidden 	5
numGenes 	48
minGene 	-3.0
maxGene 	3.0
popSize 	80
tSize 	20
uniformProb 	0.5
numPoints 	3
numReplacements 	40
rtSize 	20
maxEvaluations 	20000
mutateRate 	0.01
mutateChange 	0.05
numTests 	10
seed 	1523951312791
random 	java.util.Random@4554617c
neuralNetworkClass 	class coursework.ExampleEvolutionaryAlgorithm
Training Set Training
Fitness 0.12644639649791203