-1.9057650803261192,-1.0710144356617441,-0.8549290005807622,-2.467274866508184,2.7299332329695085,-1.40235533229983,1.3403679386639993,1.3623284448292492,2.1824605593102033,2.1883601510381085,-1.4160052111056756,-0.3533183152838374,-0.3714566273865298,2.7383756816874367,1.6932599430451758,1.4427388173628612,-0.2256988599012132,-2.838695911868113,-0.46443121813745686,0.3232490224494391,2.4577524396412267,0.7521575924432338,0.30913704298335465,1.5519595901051069,2.839751065764599,-1.0446594578236394,0.2673264121917505,-0.3859651299124004,2.4471558657756862,-2.861000455389235,-1.6630667911762038,-2.419949550151337,0.9394646940268434,2.2984240469843664,-1.1930688750608238,0.6299623904898257,2.665060714987611,1.5279881699344462,2.9278408564581575,2.0490068706330513,3.105643792112459,1.3054198419767864,1.013073044568262,-2.9694767469963894,0.07734005116809682,-0.07602033379693561,-2.4777399417432244,1.8312488022064937
numHidden 	5
numGenes 	48
minGene 	-3.0
maxGene 	3.0
popSize 	80
tSize 	20
uniformProb 	0.5
numPoints 	3
numReplacements 	40
rtSize 	20
maxEvaluations 	20000
mutateRate 	0.01
mutateChange 	0.05
numTests 	10
seed 	1523951312791
random 	java.util.Random@4554617c
neuralNetworkClass 	class coursework.ExampleEvolutionaryAlgorithm
Training Set Training
Fitness 0.37092281226834856