0.9934691194435568,1.872550700986481,-1.2505955801200848,-1.7346464085537203,-2.912095133382638,1.0085801147431968,-1.5937803206623073,0.5608005587794993,-3.355165975941371,-1.789865947978947,-0.30374483145516923,1.2645368296628037,-1.4693339883432222,-0.8927258317383184,-2.452745047008838,-1.7079800665716263,-0.4532091492550528,1.2672921794505039,0.9978824079323261,2.2844892357214888,2.409395247404789,2.3775581283892064,0.028690164012743574,3.193983634105984,1.4664222787507202,0.6637478649717551,-2.300109355399645,-0.40864659179871016,1.0317898424150433,0.6908459133873242,3.2729610051014415,1.6686878765100264,1.9417522316059261,-2.0232513476889826,-0.4749836076598946,-2.0412455054673107,0.5129896077468556,0.06820803432586167,1.5115698715797445,-2.167282416514211,2.334904947755963,-3.0137142763853677,-0.17797090685511902,-0.18642596101089925,1.3404051419523209,1.1934004227426023,1.6947716383521807,-2.6935825506860374
numHidden 	5
numGenes 	48
minGene 	-3.0
maxGene 	3.0
popSize 	80
tSize 	20
uniformProb 	0.5
numPoints 	3
numReplacements 	40
rtSize 	20
maxEvaluations 	20000
mutateRate 	0.01
mutateChange 	0.05
numTests 	10
seed 	1523940575241
random 	java.util.Random@677327b6
neuralNetworkClass 	class coursework.ExampleEvolutionaryAlgorithm
Training Set Training
Fitness 0.1267426560054778