0.8100740176039891,1.7535001970012372,-1.3394994597577037,0.07401999645072138,1.9008516080473679,-1.0098026031104657,-0.9710562005832251,-1.9367446441083547,2.0919849810978235,-0.17753913323188214,-3.4773659873198675,2.4719469424776195,1.967881474106538,0.20071560140702938,-1.921058440101755,-2.714286622653916,-0.9250784081648744,2.2722330811555045,-3.0987332128762155,1.1563693938794184,2.9004545361954515,0.5997256964270927,1.8655172213207727,-1.2873616029303407,-2.1312079552672056,-0.9949402022270002,1.3547106716058301,-2.8608363075751946,-2.143957436746001,1.8336915433984387,2.2311627560811984,-3.0302259333960153,0.16274016743156153,-0.2720693244833813,0.5365793538900864,-0.0636019676401233,-2.142171072763632,-3.23414207368429,1.4287335956267975,0.41828464549431366,0.6196738584674825,-1.7264639594946702,0.7192647916016073,1.9490681183172995,-0.3006191700079517,0.9884489691604725,2.2704989681458843,-1.8845368548921912
numHidden 	5
numGenes 	48
minGene 	-3.0
maxGene 	3.0
popSize 	80
tSize 	20
uniformProb 	0.5
numPoints 	3
numReplacements 	40
rtSize 	20
maxEvaluations 	20000
mutateRate 	0.01
mutateChange 	0.05
numTests 	10
seed 	1523940575241
random 	java.util.Random@677327b6
neuralNetworkClass 	class coursework.ExampleEvolutionaryAlgorithm
Training Set Training
Fitness 0.28910244875720886