1.2471691888306835,-2.3949265199181475,-1.7964072909085635,-2.191634635070571,1.4679804201185582,1.4968536747055186,0.8595017685755815,-0.8097013309816552,1.4630116482755027,-2.2379586056366048,-1.0665892934424732,1.4858392222369894,1.0662529073903626,2.6938461100701456,-1.7107588636775184,0.8606001555953045,2.0164956652570813,0.9444010536413856,3.1176595181071907,1.77860917996733,-3.1149542244191175,1.7616506367672125,2.550944518047044,2.813213072306082,-0.10056193415827307,-1.7461820352692914,1.6369132626405918,2.307007807777858,1.0559595337142902,-1.0672598157281283,-0.5597026708064945,-3.0465130062957333,0.524341628719414,1.3395908141514077,-1.630736019832635,-0.30037717754656534,-0.25397832278341465,2.39872105416847,1.39157153198623,1.9333078994496895,-1.7870721324231604,-1.6933697982515803,2.9091462081210313,0.7274055539356488,-1.5632177088636958,0.21340431799759696,1.0016619744466244,-2.9882632579865325
numHidden 	5
numGenes 	48
minGene 	-3.0
maxGene 	3.0
popSize 	80
tSize 	20
uniformProb 	0.5
numPoints 	3
numReplacements 	40
rtSize 	20
maxEvaluations 	20000
mutateRate 	0.01
mutateChange 	0.05
numTests 	10
seed 	1523940575241
random 	java.util.Random@677327b6
neuralNetworkClass 	class coursework.ExampleEvolutionaryAlgorithm
Training Set Training
Fitness 0.28910244875720886