2.884916071423252,-0.46909213805419453,1.523039432815007,-1.2689684874290517,1.6697767870922788,-3.076605019551569,-0.4707332147090563,1.7404291414707038,2.119111876491138,-1.238136052669026,1.3847272932453496,-0.37282033736936043,1.9822531268446906,0.02562155862597834,-0.967924570315662,0.7258075087298073,-3.0523509840796024,-2.953990531784931,2.2755433972488026,-0.15541987308883115,-1.368878283451977,0.2882547646833991,2.0874409740099193,-1.1364990550324305,-0.4510164090983982,0.6807488656990488,3.011641822298892,-1.2999895214972266,-0.3103777344153731,-1.7353561454648108,0.461065412450858,0.6221241913143771,0.1983379980215358,2.0596987366440027,2.6760841208985218,-0.4694758861532993,2.6288868389384046,-0.4471385137917693,-1.6817885820357275,1.1604259590802717,0.19135718432401133,2.9641124904930543,0.06834273527381401,-1.8291679924757709,-3.410321995800098,2.2796462963622584,-0.51875062179639,-0.5569134834797613
numHidden 	5
numGenes 	48
minGene 	-3.0
maxGene 	3.0
popSize 	80
tSize 	20
uniformProb 	0.5
numPoints 	3
numReplacements 	40
rtSize 	20
maxEvaluations 	20000
mutateRate 	0.01
mutateChange 	0.05
numTests 	10
seed 	1523940575241
random 	java.util.Random@677327b6
neuralNetworkClass 	class coursework.ExampleEvolutionaryAlgorithm
Training Set Training
Fitness 0.13320048656836372