-2.799495108219216,1.7094365045102753,2.446495889690069,1.5380265586508062,-2.9996020284401803,-0.8588550804283666,-0.025613638713031947,-1.1849955619716575,3.096796782023394,-0.7032155454249933,-1.7833925501655485,-2.943353412801871,0.8923164560089456,-1.5849259165381082,-2.8260667822766252,-3.0388113803065404,2.8059438412465827,1.882206160008591,0.45826107447979086,1.0793408987578896,2.418110737240638,0.7377375447987942,1.1516979942032604,-1.9223583834429658,1.9448068540077128,-2.12500835831707,2.6833563010529913,-3.2203361232796373,1.6292133424997235,0.8002153984890708,-0.7886685792141701,-3.0196249791703274,-2.3997571703151444,-2.8262791914019756,2.6060688300834647,-0.3183150542112593,-1.1886515324072056,0.6027265493098342,1.4097815292310452,0.5374504762070189,0.6950203342703696,0.9395972817342133,-1.451689031022515,1.223940898449547,-3.1278301840005387,2.5106644877091897,-3.6347465711364535,1.2170016727652126
numHidden 	5
numGenes 	48
minGene 	-3.0
maxGene 	3.0
popSize 	80
tSize 	20
uniformProb 	0.5
numPoints 	3
numReplacements 	40
rtSize 	20
maxEvaluations 	20000
mutateRate 	0.01
mutateChange 	0.05
numTests 	10
seed 	1523940575241
random 	java.util.Random@677327b6
neuralNetworkClass 	class coursework.ExampleEvolutionaryAlgorithm
Training Set Training
Fitness 0.4860202679127239