1.400232926043855,1.1283033341036837,-0.5653222771906512,1.1058491726655557,0.729382865349252,-1.3033955845646223,-0.858322601001412,-2.929374324382903,-0.7062940246924534,0.4481011374895102,-1.2143174864754316,-2.3785937639366814,-0.1347875959065758,0.35134929289967193,-2.5071477523876675,-2.6124558767867136,2.2962706689639303,-2.4462431488314182,3.3094720440496443,0.9240030534503805,-2.212331576940597,0.6296657778235331,0.1582135406698621,-1.9378481471159676,-0.6451368322798599,-2.7134048967710926,0.20157272544896765,0.028902689391524766,0.458068708262849,-0.09215024515665936,-2.090376081932567,-1.7088633449042119,0.9700478209229164,-0.029938291914655885,0.8741986946336568,-1.8259093723073851,1.155532116769798,2.770669767656851,2.2128239559897978,-1.1747597266198069,2.571868011189725,-0.06707843607598643,1.562579012918391,-0.931439382963402,0.848197055316293,1.4963106517647713,2.0186070574255623,1.1629353447447648
numHidden 	5
numGenes 	48
minGene 	-3.0
maxGene 	3.0
popSize 	80
tSize 	20
uniformProb 	0.5
numPoints 	3
numReplacements 	40
rtSize 	20
maxEvaluations 	20000
mutateRate 	0.01
mutateChange 	0.05
numTests 	10
seed 	1523940575241
random 	java.util.Random@677327b6
neuralNetworkClass 	class coursework.ExampleEvolutionaryAlgorithm
Training Set Training
Fitness 0.3721057116399391