2.0644394434668905,-0.8511953326430555,-1.301258463824523,-0.1690631822495622,2.240923697872577,2.500485682272844,0.7557692622922305,-1.4831359817030407,1.5622199797931222,-2.6752071350791677,1.3583289722571767,-0.1462927712080384,-1.5522677020735876,-0.2159592088767378,-0.038640958329180936,0.7823904687949359,0.2552624675785567,-0.48736342728793997,1.1945934586431344,1.077619996595183,2.932576317722681,4.0621438545645185,-0.016627455550111123,-1.7351005524562564,2.3841633276139866,-0.3119089050493862,1.1536347792826878,-0.24740802114007543,-0.6659615857196858,-2.4401316516831004,-0.601381589299558,2.7289631786276765,-1.1443337606653523,0.48889371138088006,2.6187834894264235,2.4190967006031814,-3.482174995612242,0.7084381959516193,-2.2820502925945787,-3.5473631795424643,-0.2895410394487342,3.4803658217143667,1.0976304925520448,-2.16686881611844,-0.18269455841053944,-2.3896000744812342,-1.5119724553488496,-0.5897716774749308
numHidden 	5
numGenes 	48
minGene 	-3.0
maxGene 	3.0
popSize 	80
tSize 	20
uniformProb 	0.5
numPoints 	3
numReplacements 	40
rtSize 	20
maxEvaluations 	20000
mutateRate 	0.01
mutateChange 	0.05
numTests 	10
seed 	1523940575241
random 	java.util.Random@677327b6
neuralNetworkClass 	class coursework.ExampleEvolutionaryAlgorithm
Training Set Training
Fitness 0.11423635825915904