3.3080957317288755,2.243346345868177,-0.1548180116833778,-0.6321243521007234,-3.580300588712381,3.5205590666199136,-0.37111545037941657,1.8058531616620204,-1.5041422447195774,1.943838835961469,-2.2174897630028214,-2.4277183297973144,-0.3252059140126663,1.033079554030302,-1.3487028803602383,3.6828812069144305,-2.976523710918671,-1.5610945608673177,0.23471929347388565,-0.144020086396329,1.9022462237994726,2.1218483212763344,2.2232284116728263,-1.026025244773014,-0.4189782219152628,-0.07068325553212779,0.36981234877287067,-0.49406748992625465,0.6740383560016604,1.4761877493511961,0.25972025309537655,-2.8482735713978307,1.1521948974884044,0.44240487531130757,1.2548984367994869,-3.086581673841227,1.7529363904174178,1.2304511840317853,1.1496539873212588,-1.0416341647578784,-1.3987164388869944,-0.5319504476810875,-2.002888148906012,1.2874583745932329,-0.4402265524690836,-0.39171124489431325,-2.489708919879704,1.7907276838234931
numHidden 	5
numGenes 	48
minGene 	-3.0
maxGene 	3.0
popSize 	80
tSize 	20
uniformProb 	0.5
numPoints 	3
numReplacements 	40
rtSize 	20
maxEvaluations 	20000
mutateRate 	0.01
mutateChange 	0.05
numTests 	10
seed 	1523940575241
random 	java.util.Random@677327b6
neuralNetworkClass 	class coursework.ExampleEvolutionaryAlgorithm
Training Set Training
Fitness 0.09793732574000467