3.387856185125223,0.6691169422916472,1.0482313830515153,-1.117813438035053,2.7247663341043067,1.646480413979039,1.276395562759451,0.1250053195761876,-2.1435480444971344,2.602799226563927,-2.6474637162423544,-0.7652549816218166,1.286301471799915,2.1257703121798244,3.3833744291015506,3.293592126604773,2.039126080221796,3.0266101018951668,1.2180364970534272,-0.5366118904969501,0.3091765250909443,-0.5559558861723111,0.21274451848379528,-2.4255970883211533,-2.0336541079084016,0.04585119206412519,-0.48281162650487824,0.9839540738804504,1.308778734250222,-0.5030715255405045,0.5479459339783557,-0.15381458286672206,0.7887782095059874,-0.3776196520807437,1.2717451057797078,2.1979296448101016,3.0150756237228364,1.122939076620902,2.066276322911224,-0.9972530047084831,-0.7018019407467975,-1.5226415249082785,2.608693592862922,-0.42977071786443377,1.8568417734718126,-1.8907953157835664,-0.48814323417456457,1.7877171150072702
numHidden 	5
numGenes 	48
minGene 	-3.0
maxGene 	3.0
popSize 	80
tSize 	20
uniformProb 	0.5
numPoints 	3
numReplacements 	40
rtSize 	20
maxEvaluations 	20000
mutateRate 	0.01
mutateChange 	0.05
numTests 	10
seed 	1523940575241
random 	java.util.Random@677327b6
neuralNetworkClass 	class coursework.ExampleEvolutionaryAlgorithm
Training Set Training
Fitness 0.09161881569247475