-0.129833926681032,0.9195177337859666,0.9058417177283262,-0.10570638232750638,-2.234754865409432,-3.2535897866295063,2.919632209422902,-0.6311628225141093,-1.474406967432945,-0.6140628877599127,-0.29254791460825397,0.9628789327945515,2.1513892100515797,-0.8786716729646311,-1.9833100136008264,-2.1302803211058285,0.5635700728274957,1.5426039888641625,2.628536347843424,0.5561049118015422,2.083591601543958,-2.046876656070638,-3.2343494959425225,-1.8958915399296086,1.556215281030475,0.16218074181442543,-3.0845249219127995,-2.1458573980013713,-1.4770810219863593,2.7241784459442324,2.485386728201452,0.6813069821266056,-1.8656932771238275,-1.924852526191621,-0.20681071299125553,2.3712773246608165,-2.2101382809901393,-1.6048799155858129,-2.625451143813997,1.5334160172180857,-2.239262543151791,-0.90991002336133,-1.139424152361232,1.0477717289776627,-2.1073730051687725,1.4400347349387639,2.0716286491290354,0.48911995201108144
numHidden 	5
numGenes 	48
minGene 	-3.0
maxGene 	3.0
popSize 	80
tSize 	20
uniformProb 	0.5
numPoints 	3
numReplacements 	40
rtSize 	20
maxEvaluations 	20000
mutateRate 	0.01
mutateChange 	0.05
numTests 	10
seed 	1523940575241
random 	java.util.Random@677327b6
neuralNetworkClass 	class coursework.ExampleEvolutionaryAlgorithm
Training Set Training
Fitness 0.13258813941805458