1.2714197605019966,-1.5465741289394024,-1.3136266184231753,0.962248222650053,3.134865334524756,-0.3665296938038664,2.9774646499593382,-3.038010749971033,1.9249754642883912,1.8680629735680492,0.5704478335848382,-0.4845157323941985,-0.711099994774224,2.7442654999747225,0.17251816635540218,3.413460724239596,-0.9095150631540123,1.5912853102278626,3.9640257676353414,2.164378337565242,-1.9341343768886072,-1.287649518278412,-0.9800878540213618,-1.9020751530200677,-0.2837632140931504,0.4409778017904685,-1.613324006348461,0.8543741103013301,-3.430281056923579,-1.007873455457877,0.4856577431774976,1.4113533136899594,3.093855103167239,0.8377223582959028,2.2067885928465936,3.2023077446937185,-0.7726261039549434,-2.4674877677681972,-1.4621853697071423,-2.8288202949999475,-1.0755285564902486,-2.149799134859193,-2.607640987008767,-0.4644447567726688,0.9669702652827348,2.611300505480818,2.1560517239519608,0.14576756120148837
numHidden 	5
numGenes 	48
minGene 	-3.0
maxGene 	3.0
popSize 	40
tSize 	20
uniformProb 	0.5
numPoints 	3
numReplacements 	40
rtSize 	20
maxEvaluations 	20000
mutateRate 	0.01
mutateChange 	0.05
numTests 	10
seed 	1523952129249
random 	java.util.Random@4554617c
neuralNetworkClass 	class coursework.ExampleEvolutionaryAlgorithm
Training Set Training
Fitness 0.12846089431939348