-1.2601330202434025,1.229458603616421,-2.7097943125050987,1.724914214974024,0.3043844416960143,3.284170612588329,0.021905635965281264,-1.3145297468251709,-2.2277423550237376,-0.6622517681729201,-0.3288075649520625,0.4077363418598924,2.727493512657559,-1.8895235061410267,-0.6486733689930388,-2.0638281303392096,0.2615774576804311,2.334875564540977,2.1955591227388673,-0.36672824795765674,2.2563185570164217,0.21277498014546697,-1.5146152267732207,-0.24783463436526387,3.2858666634340556,0.5165335178572468,1.8247459524486596,-0.5382707254547435,-0.8848150832800487,0.09283726420469383,1.9396134896692776,3.0082322259187357,0.9609315363236768,-1.7119385196639096,1.18980316049306,1.176832586697422,-1.9931218492525697,-3.0377784884579735,2.4747962336183384,1.783042647876593,-1.3203382811306614,1.7440909836982965,2.9977675468033596,1.6785696196306163,-0.3581581815657651,1.9031081785149078,-2.3280659967709028,-2.4022560279702354
numHidden 	5
numGenes 	48
minGene 	-3.0
maxGene 	3.0
popSize 	40
tSize 	20
uniformProb 	0.5
numPoints 	3
numReplacements 	40
rtSize 	20
maxEvaluations 	20000
mutateRate 	0.01
mutateChange 	0.05
numTests 	10
seed 	1523952129249
random 	java.util.Random@4554617c
neuralNetworkClass 	class coursework.ExampleEvolutionaryAlgorithm
Training Set Training
Fitness 0.28910244875720886