-0.5233826828006707,1.1533300996590432,-0.29633834472806836,-2.617871540360814,3.0444431734760764,-1.885688147819627,0.8282973054713663,1.4289970984850893,0.383133783177993,1.6838280339343763,-0.06694266806942697,-0.2978148696773973,-3.2523210348566858,1.3801776228373506,-1.3273892695853198,1.357808872826549,1.2466207923684731,-1.2952865352909246,1.412477598251423,-0.4516747875684071,-1.0291456381896025,1.9208720201799268,-0.031208811063751035,-1.2854461001980413,-0.6411492275931292,-1.1512390707316036,2.8087443560308056,0.3000876755475079,-3.025927995428444,-1.550196946973382,0.4029184391472501,2.632706134070821,-0.35192055332739275,0.23804723083011275,-1.4578220773010753,-3.026730152707246,-1.1419233024927105,-2.5956375558641978,3.090797679464848,1.7759296626623022,0.21035555418102148,2.2768439528714977,0.34397612383734516,-0.06565344715485358,2.741354481457328,-2.3346315822391315,0.8418687396440029,-0.993023290847054
numHidden 	5
numGenes 	48
minGene 	-3.0
maxGene 	3.0
popSize 	40
tSize 	20
uniformProb 	0.5
numPoints 	3
numReplacements 	40
rtSize 	20
maxEvaluations 	20000
mutateRate 	0.01
mutateChange 	0.05
numTests 	10
seed 	1523952129249
random 	java.util.Random@4554617c
neuralNetworkClass 	class coursework.ExampleEvolutionaryAlgorithm
Training Set Training
Fitness 0.5521857820905421