-1.0046520124008975,-1.4081085791910781,-1.5267097302438435,0.24966790223111623,0.23592987883443167,-0.6834231870654276,2.3512520846583675,-0.6665788386535044,-1.0241991372992165,-2.2810929993813582,-2.4027381519751083,-0.05572307076871699,2.88018012140875,1.9263825131833427,-1.7358837056737064,1.7285324091694036,0.047511562274693414,0.8402159936609195,-0.5659488969477002,-2.521621698490904,-0.7196363521113867,2.957687357149964,-2.032799420745748,-0.24772322573784533,1.9673062785824091,-3.4023541340769254,-0.9077708944481848,0.5333455262864246,1.6513367972127775,-1.6668456059534327,-3.122986463024623,0.02173174622684522,-0.9680838478014242,2.541124906151131,2.1324878209412574,-0.6434303575453435,2.9066551987157556,-1.677843297277296,-0.44450127427077757,-1.4497759229015723,-1.1448203799201524,-0.7753544642831871,-0.7432478649248906,1.1421317537879052,-2.1983169756872893,0.6755952374463947,2.4976683813115264,-2.1583375597073657
numHidden 	5
numGenes 	48
minGene 	-3.0
maxGene 	3.0
popSize 	40
tSize 	20
uniformProb 	0.5
numPoints 	3
numReplacements 	40
rtSize 	20
maxEvaluations 	20000
mutateRate 	0.01
mutateChange 	0.05
numTests 	10
seed 	1523952129249
random 	java.util.Random@4554617c
neuralNetworkClass 	class coursework.ExampleEvolutionaryAlgorithm
Training Set Training
Fitness 0.18709737739998933