-2.090585487535481,-3.0382926752918467,-0.18522363203200126,0.904214489976042,2.0213778389455,1.97958546797658,-0.8343275912236463,-1.7158916514187168,-3.154524710992564,-0.4325424111809574,-4.1840432895037365,-0.3596944016393559,0.919422436767489,0.4382057414703645,-1.6149583206229527,-0.34543571753461855,1.8667569948430751,-1.7051337548497734,-0.9666580580355157,0.1641419043071592,1.1085502952351485,1.6639556893636211,3.5999042387860154,-2.8283073093696447,-1.2860103762442974,1.4251006722387891,2.1400379510000533,-2.445852409978615,-1.1083210010151645,-1.9007371682054859,0.7724046426223043,-1.2173243402778395,-2.4393938725824973,3.3043393662659826,2.0258882131950386,1.606056649003455,0.46434250949214967,0.5708952610914366,-2.105076044721092,-1.122467694226918,-1.995855444936424,2.5322783181230912,-1.2321750779042686,-2.479563855397857,-1.2837623477500284,-2.3876575219902705,2.586004940231617,0.3306350926943548
numHidden 	5
numGenes 	48
minGene 	-3.0
maxGene 	3.0
popSize 	40
tSize 	20
uniformProb 	0.5
numPoints 	3
numReplacements 	40
rtSize 	20
maxEvaluations 	20000
mutateRate 	0.01
mutateChange 	0.05
numTests 	10
seed 	1523952129249
random 	java.util.Random@4554617c
neuralNetworkClass 	class coursework.ExampleEvolutionaryAlgorithm
Training Set Training
Fitness 0.13296836453432148