-2.5817043017657704,-0.49514219626864847,0.9692212291023461,-3.4955056715455664,-2.125709890579788,-1.5036413986981614,-2.329771015468752,-1.2920482209210884,0.6874954243015781,2.4131610897278915,-0.5686745696758764,0.5440545606469827,0.4925477321203207,3.048123326169482,-0.10875312407161718,2.2968502874327665,-1.6349820312072154,1.24494779284334,1.4050113705155807,-2.3866724484289037,2.1480680317819276,2.113061924979525,-2.473399760698011,1.2262683070323785,0.32785033680756825,0.0907136870272968,2.0328576112738626,1.5694974434429605,-2.401250775036396,1.1406439697487214,-2.834551438852744,1.6728225904457723,2.3529279728611012,1.1654329914401345,-1.395169602260033,2.1704407333361804,-1.690502268759987,-1.0301467559622743,2.0147990722455473,-1.1594263700873726,-3.183009284669324,1.775293700050495,3.258280269292044,-0.38442362053251194,-1.6813263561067784,-2.3934443053558487,0.3846482031870031,0.06075031779576552
numHidden 	5
numGenes 	48
minGene 	-3.0
maxGene 	3.0
popSize 	40
tSize 	20
uniformProb 	0.5
numPoints 	3
numReplacements 	40
rtSize 	20
maxEvaluations 	20000
mutateRate 	0.01
mutateChange 	0.05
numTests 	10
seed 	1523952129249
random 	java.util.Random@4554617c
neuralNetworkClass 	class coursework.ExampleEvolutionaryAlgorithm
Training Set Training
Fitness 0.24106894780693539