1.6085395824964974,1.0817731045071752,0.7966423840689116,-1.1538228823604388,-1.3025733569822373,-0.6039740268302174,-1.8462254531019098,0.5395915691681149,0.5146265387789981,0.17113608900839172,-0.7206050830611868,-1.1213980373101222,-2.732614503462029,2.7581646421773147,-1.5593912606734641,0.8267701992954453,-0.9840615613304924,0.8556536499480352,1.2551401605657464,-1.1582993861285273,2.220030066287939,2.01241368652581,-0.5551532783577112,2.8159722688828452,-0.7524968645820664,1.0909849584610218,0.33315573032867074,-0.3296852906488686,3.6636441575570826,0.4478612650371851,1.019760378303593,-2.0067937730051035,2.083645695299249,-2.0278810352161316,1.8483342310966107,-2.0746339277334633,1.1717202501438402,-0.6028688077537276,1.1529456745231825,2.4794146166258804,2.8090678069837036,1.110603241037831,-1.4737246154912984,3.514267282602643,-0.4709244423430859,3.4862064211279025,-3.002338403255219,-1.4993720985192784
numHidden 	5
numGenes 	48
minGene 	-3.0
maxGene 	3.0
popSize 	40
tSize 	20
uniformProb 	0.5
numPoints 	3
numReplacements 	40
rtSize 	20
maxEvaluations 	20000
mutateRate 	0.01
mutateChange 	0.05
numTests 	10
seed 	1523952129249
random 	java.util.Random@4554617c
neuralNetworkClass 	class coursework.ExampleEvolutionaryAlgorithm
Training Set Training
Fitness 0.0986125391647131