-2.15554186368571,-2.427011589649831,-2.3988824534499784,1.0621790836161402,-1.0636227177576265,-1.112245661122894,1.0109555127466623,0.43517017673539515,0.35933071265837796,2.516979012408248,-0.4360465002926489,2.637014371334545,-0.37236956444453945,0.4420646771508495,-2.634036228062369,1.0891718986855097,1.5022031783085188,1.8985891787971714,-2.9420167860781774,2.111047848750221,3.0870108128934266,2.1119773240049735,0.255341080177593,-1.3678660912147373,-0.7392277070027549,2.3598761880772603,-2.846884381636283,-0.8999876791639538,2.4834745574729764,-0.24859185418732527,2.2097270029490623,1.2327951974389244,0.22146269480088848,-1.1853537890118329,-2.056292582650219,-2.515508207543535,-2.7233111059899793,2.5723286905450546,-0.910810416024004,-2.3007799687973582,-0.5149961502892006,2.96200302998784,2.353708671133691,-0.5749010387208309,-2.534834194852978,-0.22954081425056044,2.0074512294138813,-0.8589176804502752
numHidden 	5
numGenes 	48
minGene 	-3.0
maxGene 	3.0
popSize 	40
tSize 	20
uniformProb 	0.5
numPoints 	3
numReplacements 	40
rtSize 	20
maxEvaluations 	20000
mutateRate 	0.01
mutateChange 	0.05
numTests 	10
seed 	1523952129249
random 	java.util.Random@4554617c
neuralNetworkClass 	class coursework.ExampleEvolutionaryAlgorithm
Training Set Training
Fitness 0.37206815868092746