-3.4973085320971604,-2.398086084912425,0.46749295212053604,0.1510024716142755,0.7219043244594767,-0.34727040936039466,1.1996114186625593,-2.59006938534346,2.5673750741475927,3.058496296136016,-1.6556522229476092,0.0901268149390873,2.666485400568809,1.8180076287240343,-1.6999441359685676,-0.10562046414445693,2.5678645211302724,2.4361869709727397,-0.68574497343677,1.4944946101996694,-1.9736526181767402,-1.086780528201061,-0.05570557572057824,-0.37027430076550777,-2.153783538217904,1.8095169663622137,-2.033639593207883,-2.2160612168125384,-2.6509271149159925,-0.10348333275175355,-2.4736831697026163,2.102093242874194,1.9213533485348493,-0.4861457944619401,-1.31670292926967,-0.7640795771021506,-0.27731882825975146,0.8515062133418054,0.2918822882413277,-1.9245232677092696,-0.2500857416806526,0.5610364524691349,-0.848872838987693,1.6775456466169554,2.7029206263545626,-0.02686539578461597,0.7686138646217437,-2.506341076954876
numHidden 	5
numGenes 	48
minGene 	-3.0
maxGene 	3.0
popSize 	40
tSize 	20
uniformProb 	0.5
numPoints 	3
numReplacements 	40
rtSize 	20
maxEvaluations 	20000
mutateRate 	0.01
mutateChange 	0.05
numTests 	10
seed 	1523952129249
random 	java.util.Random@4554617c
neuralNetworkClass 	class coursework.ExampleEvolutionaryAlgorithm
Training Set Training
Fitness 0.10124879375483457