-0.15912390873844573,-0.07685010558924958,-2.0692789600169035,1.142813153666009,0.4724799389657925,-0.09566756571376393,-1.9015675424358234,2.178509152635754,2.9896694527989887,-0.47012126615390076,-3.43251120025059,-1.3906178680122159,-2.3061852027169025,-2.5441856552696165,-1.8779942214226355,-2.8522772750992225,0.40911958501511225,1.3995876338277637,1.004753363170284,-0.25740982300302023,-1.6741625979865313,-1.6637129864833569,-2.0891560798455595,2.232058790675624,-2.3358708223261995,-0.7449888935349744,1.1886757043632412,2.2845673011480314,3.094195669870583,-3.264464746280871,-1.5679913823145217,-2.445056410535155,0.466674593567769,-0.5168457696438896,2.409155033405689,0.8021623486587044,-0.8868440450192083,-0.1751886442372791,-0.725122180993987,0.12488004149510744,2.170022829773199,-0.8276349052682508,1.0977012868223188,-1.18272877143169,2.359690762936435,1.5490702600562716,2.4099431917660503,2.1316811638052764
numHidden 	5
numGenes 	48
minGene 	-3.0
maxGene 	3.0
popSize 	40
tSize 	20
uniformProb 	0.5
numPoints 	3
numReplacements 	40
rtSize 	20
maxEvaluations 	20000
mutateRate 	0.01
mutateChange 	0.05
numTests 	10
seed 	1523952129249
random 	java.util.Random@4554617c
neuralNetworkClass 	class coursework.ExampleEvolutionaryAlgorithm
Training Set Training
Fitness 0.28051438043720606