3.1018990538288556,-1.2605733527037997,-0.9445084805823383,-1.6730443365353045,0.06624127431663282,-1.6716377138249163,0.6021984205601303,-0.2729841988129245,1.732182381873694,-2.2415812996040643,-2.6551628659082565,-0.28883562214727593,0.7529735339274295,-1.1669091357630381,-2.144870500814351,0.432592769319179,-2.942079500129429,-1.7004793445244404,0.26205099737823573,0.44545635879804174,-2.604522887673281,2.7149489211514535,-2.5784234937264174,2.2518353025584066,-0.5905383768941184,0.0910890533971737,-0.9023057117262114,-2.1214599697833507,-1.0997081262075505,-2.841157805170412,-1.9475219755822715,-0.15448429165265504,-2.800699784114874,3.093819172376426,-1.3620686254386778,-2.7455999821721644,-2.9021337868802917,-1.1213164455279105,0.464736306560311,0.33008029319418464,0.5742726925656082,0.8013750774146933,3.092964421912731,-3.260101341756527,-0.8501328114623254,2.8488208707375566,-0.8027729064798192,-1.2055525821796484
numHidden 	5
numGenes 	48
minGene 	-3.0
maxGene 	3.0
popSize 	40
tSize 	20
uniformProb 	0.5
numPoints 	3
numReplacements 	40
rtSize 	20
maxEvaluations 	20000
mutateRate 	0.01
mutateChange 	0.05
numTests 	10
seed 	1523954831394
random 	java.util.Random@4554617c
neuralNetworkClass 	class coursework.ExampleEvolutionaryAlgorithm
Training Set Training
Fitness 0.1555596006224348