-1.3250413750230585,-0.748230907076409,-2.0710359356656687,1.6318685619483055,-0.367894315434196,0.9629668336799,-2.9033292115784115,0.3539545584711647,-2.497450741805823,-0.7983395894275416,-1.1248057278791332,-0.9988173130558395,-0.8392781693335647,2.139130466704282,1.1586447494318228,0.7908770641671155,-2.3608152987017594,1.1577293521203225,1.2309161318755735,2.81313716043483,-0.6385223797870703,-1.1808763380143577,0.5396754281349214,0.031269852040898466,0.9559379020384922,2.271347857070615,1.6128130489332548,2.3233318427298313,1.7485336112346335,0.7146396125862655,0.9162088084171935,-2.834465750210141,1.4087933622677182,0.0434065293071807,1.0501799526316764,-1.5639295575355117,-2.2277531025715978,2.393547214808204,1.29903647907614,-2.613622854895316,-0.8681522975509239,-0.6025186015097213,-0.24747820729975806,-0.34091062323708954,0.6899715048473678,-0.16599766289979373,-0.8104232913135012,-1.1223127486343005
numHidden 	5
numGenes 	48
minGene 	-3.0
maxGene 	3.0
popSize 	40
tSize 	20
uniformProb 	0.5
numPoints 	3
numReplacements 	40
rtSize 	20
maxEvaluations 	20000
mutateRate 	0.01
mutateChange 	0.05
numTests 	10
seed 	1523954831394
random 	java.util.Random@4554617c
neuralNetworkClass 	class coursework.ExampleEvolutionaryAlgorithm
Training Set Training
Fitness 0.1618403992667771