-0.5739422145525559,1.1776571472399104,-0.5486750172440736,2.73374101611137,0.5926229765617657,0.33646442866044746,1.0533374919295662,0.7077007597958618,-1.8677261667194622,-2.0016415386166444,0.21566330078344476,2.396623111600057,0.44515601774011915,3.0961640389802403,-2.058984329800521,-0.5373078955281396,-3.082229803072342,0.4131435789121144,2.5269168333041616,2.97580315505284,-1.230555664347298,0.686463379454755,-0.08440871006456348,-0.21909455653646004,1.5458017865999552,-2.320302890085823,0.03666709867237458,-1.2646288144592825,-0.13715947635355663,-2.1350560634164406,-1.6630444264517907,-2.1264591790219773,2.6532874678231417,1.6773897265410318,1.2424902009754033,1.0390568585565718,-1.6626147966265483,-1.9013511735630364,0.34017578211860683,-1.514461022048167,0.36446618668479314,2.5460102458769,-1.476388132759351,-1.6579678602700634,-0.3081714610766666,1.4878158378554864,1.744890757113346,-1.5888451076609857
numHidden 	5
numGenes 	48
minGene 	-3.0
maxGene 	3.0
popSize 	40
tSize 	20
uniformProb 	0.5
numPoints 	3
numReplacements 	40
rtSize 	20
maxEvaluations 	20000
mutateRate 	0.01
mutateChange 	0.05
numTests 	10
seed 	1523954831394
random 	java.util.Random@4554617c
neuralNetworkClass 	class coursework.ExampleEvolutionaryAlgorithm
Training Set Training
Fitness 0.28910244875720886