0.11730440615368119,-2.4770014258600446,-2.3614314576124897,0.6152860735168364,0.5080029693509516,-0.5429035284504566,-1.1864494351597368,0.9456762181448222,3.24699060804298,0.07506232870725997,-0.014307963028444462,2.44414371598619,1.2104752301330988,0.2706264470565554,1.5620572080530954,2.7264519255761632,-2.63989377006633,-3.072944733417913,4.545874510693983,2.574795192651173,2.5606966926790617,-2.3065617016433486,2.8296827729168736,0.867385284014824,0.795514595868313,1.9042104203209278,-1.6509606019849603,4.005300854180002,-2.089748873853285,1.10970882379327,-0.23210914763845986,1.0453973949341904,-0.2693888732747017,1.4317045641347848,-1.6163683543112575,1.4914103958877116,2.75704150216591,-0.6595339136343925,1.6263421035207668,1.8422637827786679,-1.5663912737025698,1.9545723013080927,1.9242016721607587,-0.6319217151886303,1.0909701083067882,0.4317100927189035,-0.005340048354967972,0.7933601770774584
numHidden 	5
numGenes 	48
minGene 	-3.0
maxGene 	3.0
popSize 	40
tSize 	20
uniformProb 	0.5
numPoints 	3
numReplacements 	40
rtSize 	20
maxEvaluations 	20000
mutateRate 	0.01
mutateChange 	0.05
numTests 	10
seed 	1523954831394
random 	java.util.Random@4554617c
neuralNetworkClass 	class coursework.ExampleEvolutionaryAlgorithm
Training Set Training
Fitness 0.12006314238322335