0.9758480011347923,2.251001865090333,-2.1674771134339865,-1.0971364756844861,1.7281943265362514,2.618992457898023,-2.619061085653118,1.233121019860542,0.44187347649125674,-0.267858891503871,-0.3877718502938587,1.1948555262704064,-1.2554192280684877,2.68131538812037,2.2406216060352033,-0.1398705075114739,0.4881267595027741,-3.8079774768478245,-2.459231176957921,0.3664775850438106,-0.4005087416143156,2.6767210376948958,0.03936705331355117,1.832332047105747,1.8277900135809322,-2.3273190173552867,-0.39296860168006104,-1.229326067002921,-3.3542822816778934,3.128050258229318,-0.14730017075871482,-0.4148546379651188,1.3247969828912949,1.5753147701266554,-2.1029785961717247,-0.955145400302581,0.1420742450805964,2.921423221929534,-2.775656638760964,-0.6151368099649408,1.0658527331467176,-1.4286219030703646,1.9390791141496813,-0.7059973787607317,-1.1805315139506274,-1.8204534939790855,2.146384225308566,1.5143932875936157
numHidden 	5
numGenes 	48
minGene 	-3.0
maxGene 	3.0
popSize 	40
tSize 	20
uniformProb 	0.5
numPoints 	3
numReplacements 	40
rtSize 	20
maxEvaluations 	20000
mutateRate 	0.01
mutateChange 	0.05
numTests 	10
seed 	1523954831394
random 	java.util.Random@4554617c
neuralNetworkClass 	class coursework.ExampleEvolutionaryAlgorithm
Training Set Training
Fitness 0.08068328388332344