-0.2490007852570878,-2.07124485350839,0.8246016555796767,2.4201648269868734,0.6629078357504665,-1.3408112505208025,-0.07308416606536519,1.2630610752916671,-1.6725086438824401,-1.2968909222583402,0.5060791977992123,1.4314490463564806,-1.2354985298018795,-1.7199815063900576,-1.428195869881798,-0.4544422727049422,1.4084284624787458,-1.3357398016111972,0.03494278440630064,0.5546811493246901,2.4964635264287325,3.0607590077417886,-0.00659523029431959,1.0534782638156088,2.1881483265522643,-1.211937537849432,1.8019172017978904,0.18088844004471893,-2.012152206745887,3.0464761869184125,-2.2059962247812006,-0.5587642023903799,-2.7104450046697384,-1.6171036433986128,-0.4103030416388259,-2.1417637585845126,1.8860410996289085,1.4816542178382248,-1.0597263906487095,1.1128712163711323,-0.8788735474505394,0.7290039459312421,1.167007359879927,2.559111578153151,0.9119992749315833,2.767748330443424,1.625783881196531,1.1661913098608905
numHidden 	5
numGenes 	48
minGene 	-3.0
maxGene 	3.0
popSize 	40
tSize 	20
uniformProb 	0.5
numPoints 	3
numReplacements 	40
rtSize 	20
maxEvaluations 	20000
mutateRate 	0.01
mutateChange 	0.05
numTests 	10
seed 	1523954831394
random 	java.util.Random@4554617c
neuralNetworkClass 	class coursework.ExampleEvolutionaryAlgorithm
Training Set Training
Fitness 0.12988372182008773