-3.1660171805166932,-0.35920789446157236,2.3543461521969586,-1.592643340444951,0.5734754267826903,1.667007463489908,-1.068919645282247,-0.507679050303951,2.789322513016238,-2.6450003759205716,0.2292022801548147,-0.024303618516920575,1.5607103361627725,3.132105462800477,2.0928698945080626,-0.45713853534484233,0.22769785608950988,2.088700247797815,2.9637256494777864,1.8505908745670105,-0.9911213737432669,3.424306233810108,0.8395460318108188,3.263855134320462,-0.3541353705962081,-3.21278358595284,-1.4944494147663516,2.9163741888153147,1.927158048018263,2.3049232042457506,-0.749310848389036,-0.9599655563489367,-0.9465679463211496,0.3498437085327838,-2.665412880181793,-0.9224271175240875,-0.16687922064113603,1.0836890861729231,2.032334044001915,1.7875314503115907,0.10175842468327433,-2.178961583150932,-1.2060158820385678,-1.9359666683323753,-0.8685975695687422,-0.45547882102997034,1.8754595424772265,-0.7001934036247699
numHidden 	5
numGenes 	48
minGene 	-3.0
maxGene 	3.0
popSize 	40
tSize 	20
uniformProb 	0.5
numPoints 	3
numReplacements 	40
rtSize 	20
maxEvaluations 	20000
mutateRate 	0.01
mutateChange 	0.05
numTests 	10
seed 	1523954831394
random 	java.util.Random@4554617c
neuralNetworkClass 	class coursework.ExampleEvolutionaryAlgorithm
Training Set Training
Fitness 0.1467109023186784