-1.3102678794146574,3.3839279936513718,-2.7241720746576776,-0.9929576073956023,2.5465764713588817,2.3100480238474415,-0.7897523812335863,1.5352094520826303,1.8925573959055761,1.2022511260803252,-3.1740583664870936,3.4300338361395877,0.8820021261505917,0.46145806734802225,-2.1913253696198014,-0.8996998676759236,-0.8817944076071613,-2.478852374719289,0.8026924425896238,-0.965084661791374,-2.096709163745013,0.015927807307467,2.598856439046598,-3.2029672615868368,1.9607977612018492,-0.0036334163500582745,1.748662851623136,2.7846042678741534,-0.34636270637754807,-0.08424603814498181,-1.2524380626828122,1.9556987687054275,1.7922410351729707,3.005023679071755,2.3786981240436837,-0.9010284818348882,-1.029549045695549,-2.5712088745926165,2.897100264408336,0.31993449703095855,-0.4933871511405448,0.5409487146319898,-2.7319361478974686,0.7606083923307083,0.1121126775479546,1.2403751911152525,3.1852636976109334,2.890497867686662
numHidden 	5
numGenes 	48
minGene 	-3.0
maxGene 	3.0
popSize 	40
tSize 	20
uniformProb 	0.5
numPoints 	3
numReplacements 	40
rtSize 	20
maxEvaluations 	20000
mutateRate 	0.01
mutateChange 	0.05
numTests 	10
seed 	1523954831394
random 	java.util.Random@4554617c
neuralNetworkClass 	class coursework.ExampleEvolutionaryAlgorithm
Training Set Training
Fitness 0.37125962009943825