-1.3759114136852482,-1.1588712308985138,-0.2527748338410314,-1.7819724963695183,1.5126337570615518,-1.3532844057140079,-1.1386573041882482,-0.2427418047215586,-2.703369575799558E-4,-0.1331420315484939,2.358550950931157,3.3776749399158152,2.6508103961882488,-0.004469702324168975,-1.9959966237021332,0.1621561253831973,-1.028123502855339,1.9558351654238677,-1.0137991404409095,1.5473302753815517,-2.242523301947638,-0.9707756661611806,1.3946854373824449,2.7961858416044336,-2.458063165753434,-1.422507543179412,-2.692813119417165,-0.42985476416398033,-1.1998684177118963,1.5617553642645734,-2.9331635426922125,-2.5515227287215234,2.478585695536662,1.3838706940649557,2.148911268796895,-1.539665550811948,1.9211122981457867,-3.3307675212840433,1.4412457407418018,-0.48876911852868204,2.69677745030903,-1.3666958373390021,1.8299208595986673,1.8209656937110588,1.279171249728389,1.2184223419104119,1.2195057610148636,2.1062576237129496
numHidden 	5
numGenes 	48
minGene 	-3.0
maxGene 	3.0
popSize 	40
tSize 	20
uniformProb 	0.5
numPoints 	3
numReplacements 	40
rtSize 	20
maxEvaluations 	20000
mutateRate 	0.01
mutateChange 	0.05
numTests 	10
seed 	1523954831394
random 	java.util.Random@4554617c
neuralNetworkClass 	class coursework.ExampleEvolutionaryAlgorithm
Training Set Training
Fitness 0.12778871288856192