3.2091639996822625,2.238119017921268,2.305767331688962,0.5827963747548823,3.904641187231629,-1.8228503492784167,-1.2373259420069262,-3.0800175540456545,-2.3495185249432033,2.1509575591133565,-0.3085669460207814,1.8706672855233972,-1.6648403474085056,1.472890767553094,0.9857245258881286,-0.10838891671916588,0.7415603158816637,-2.6706069262105823,0.8696664540650413,-0.7901360929695864,2.1321034450543035,0.7943302115008599,1.0815305337764771,-0.7499000806118556,1.519745607793371,2.232150726070104,-2.6253568758814563,1.1392930001806312,2.250226650853662,-1.2566348279927562,1.0735467398296648,2.079415759309646,2.8502954298348753,0.08755600415739441,-1.3869894849851214,0.9306878028750327,1.6969225884703882,0.8781058676437323,-2.4440124747929914,0.3996724230613728,0.7672103896475233,0.8789661950325256,1.5702821284850919,1.5134295428282,0.3576221049104695,-1.432899543132798,1.3522279846549032,-1.2139204120251175
numHidden 	5
numGenes 	48
minGene 	-3.0
maxGene 	3.0
popSize 	40
tSize 	20
uniformProb 	0.5
numPoints 	3
numReplacements 	40
rtSize 	20
maxEvaluations 	20000
mutateRate 	0.01
mutateChange 	0.05
numTests 	10
seed 	1523954831394
random 	java.util.Random@4554617c
neuralNetworkClass 	class coursework.ExampleEvolutionaryAlgorithm
Training Set Training
Fitness 0.1445781413437181