-2.176543178751637,-2.6903118869042064,3.3713409774216982,0.21999804327140282,-1.7738818706609385,1.510498741540417,-1.7889293225859382,0.2144029136216551,1.9226443489339688,0.5038773565835368,0.23930341482276984,1.45457753545143,-0.21775743302247108,-0.42755113583382764,-1.926931379305994,-2.7443912270503614,1.5481476790854758,0.8854897791788496,1.0657936727558852,0.7486968468214141,1.2273180610721932,2.265075845519269,-1.633575904173017,-2.9370771653677212,1.977474254360042,-2.1325724338123764,0.12954233886720118,1.7654701718531571,1.8713482664737418,1.7846160813366139,-2.2125916649385005,-0.5237956691902903,-0.372998088262988,1.765153812306053,-0.7524163752998807,0.6596263836265867,0.33954975355480466,0.7828502040811027,-1.8299688845344284,0.0718257758644677,-0.31638644674341676,0.001676426584205401,0.8053207537181302,-0.99783617004343,-2.672685872475264,1.1402382117107461,-0.2591983415456455,-2.7009656682976964
numHidden 	5
numGenes 	48
minGene 	-3.0
maxGene 	3.0
popSize 	80
tSize 	20
uniformProb 	0.5
numPoints 	3
numReplacements 	40
rtSize 	20
maxEvaluations 	20000
mutateRate 	0.01
mutateChange 	0.05
numTests 	10
seed 	1523951630152
random 	java.util.Random@4554617c
neuralNetworkClass 	class coursework.ExampleEvolutionaryAlgorithm
Training Set Training
Fitness 0.6342825613374978