1.4415444618703985,0.2782672588615341,2.5814530172965284,-0.027816454077087716,-2.531229537997839,-0.3145959860358623,-1.138223022581346,-1.0624626199093805,-2.4596137932565885,-2.250881085162635,-2.481998249761472,2.7359394649930326,0.630736450896964,-1.560438807964023,-0.2704185979934742,0.2802909853175016,2.383164580928855,0.1931587493009853,2.5502988718863664,1.7674427576134761,3.1209491103541014,1.783736614701272,0.8136491613290158,-2.549069171546024,-1.8873651787917332,-0.895955565595195,-0.271352533221138,-2.20845309561069,1.6168422129161617,-0.9895846519167715,0.1206359701504333,1.9351450707949405,1.0625035402815106,1.5735126684205645,-2.703720102386903,-0.2989284458387543,0.988825124472503,-0.5941444671660286,1.1740475373904056,0.6860876938907456,1.775143845509046,-0.5979522212589408,2.4710799304598003,-0.8023586978706323,2.3841973336622795,0.08037268826735612,1.5244657781931554,3.076825700168145
numHidden 	5
numGenes 	48
minGene 	-3.0
maxGene 	3.0
popSize 	80
tSize 	20
uniformProb 	0.5
numPoints 	3
numReplacements 	40
rtSize 	20
maxEvaluations 	20000
mutateRate 	0.01
mutateChange 	0.05
numTests 	10
seed 	1523951630152
random 	java.util.Random@4554617c
neuralNetworkClass 	class coursework.ExampleEvolutionaryAlgorithm
Training Set Training
Fitness 0.6324507085107381