2.4511000275009156,1.8365056302125224,2.1007654490191245,3.011805589414932,0.34803128516504145,-0.6645316023948045,-0.8571367288116327,-1.7590969355308463,-0.1474002170454336,1.692299837073797,-0.4975121363980995,-2.422767864252304,1.9029823406236155,-2.6167051518569013,-0.2997224546749509,-2.1457871133701576,0.7217656208636454,0.5871099696657084,-2.7674107676842796,-0.5420414705781122,1.6024799142459034,-2.327223773778877,-1.7983028005007664,1.9828407828137473,-0.3821041379157754,2.9867193728659247,3.097705358047456,1.202682328355024,2.021997407906852,2.1832551141354424,3.14529557421894,0.5791937549813244,-0.04066357290434813,0.8317040100242106,-0.111019729689519,1.6866956384667824,0.5247769947714588,0.9594386229689713,2.488577668551396,2.02708861513758,0.6334307128628581,0.8038487577733322,1.0321706740130208,-2.208544861373789,2.66488180309645,-3.302616768133184,0.4968614572479301,2.1445999887835896
numHidden 	5
numGenes 	48
minGene 	-3.0
maxGene 	3.0
popSize 	80
tSize 	20
uniformProb 	0.5
numPoints 	3
numReplacements 	40
rtSize 	20
maxEvaluations 	20000
mutateRate 	0.01
mutateChange 	0.05
numTests 	10
seed 	1523951630152
random 	java.util.Random@4554617c
neuralNetworkClass 	class coursework.ExampleEvolutionaryAlgorithm
Training Set Training
Fitness 0.6312934084042567