0.7994843471337032,0.8849531787791778,-0.8047827556657581,2.711795132820913,1.2208886641819474,1.5524986152649367,0.4083729511543637,0.13673964011328493,-1.7053568586578471,-0.16390665241398036,-0.926748000174288,1.997149489102831,-2.7395663043194984,2.9431697352242177,0.18755486432321827,1.2161825540556948,-2.12754568958712,-0.7853190716879259,2.4833891630467715,1.3933573672316788,-1.9016960757463806,3.00988667332863,1.355110719163326,-2.722319638038296,-2.869457646726217,-1.9203991980901418,2.239590120261594,-0.3486250504028423,-1.0030205620867205,-1.7408121607932774,-0.8722523108057487,-1.0532937474148591,2.9756874891190863,0.45439290920080383,-1.075124046315317,1.478948920282181,-1.3718432843265744,-1.027616220553843,-2.2465637917043466,-3.023412181654603,2.80892643007563,2.167183182369505,-0.34430671524821244,1.2753894045511933,-0.9075443042814779,0.5729661431574089,-2.8452821663651546,0.06603126037372056
numHidden 	5
numGenes 	48
minGene 	-3.0
maxGene 	3.0
popSize 	80
tSize 	20
uniformProb 	0.5
numPoints 	3
numReplacements 	40
rtSize 	20
maxEvaluations 	20000
mutateRate 	0.01
mutateChange 	0.05
numTests 	10
seed 	1523951630152
random 	java.util.Random@4554617c
neuralNetworkClass 	class coursework.ExampleEvolutionaryAlgorithm
Training Set Training
Fitness 0.6342825613374978