-0.8479138068070318,-2.4694800490260103,0.4784966870166823,0.7114189205323378,-3.251288376435511,1.9376575503552504,-1.275109640404343,2.305698588678053,-0.3456472675817587,-3.0379362342971525,-0.5483590490014085,-1.7205936792680179,-2.6037151187115466,-0.4045659191641431,-2.7120201830564428,3.2182609829486104,-0.05216289882030767,2.331032701384287,2.695148235449909,-0.1031258399972697,-1.6538832790353795,-0.9233486674478444,-3.074541527947459,-0.950233546903704,-0.676457623724277,-2.8359872129097567,-0.24046576092506455,3.194950737244442,2.4822244699690605,-1.9523724041013184,2.581048322116498,0.48179880514622614,0.635155619394667,3.052901410038759,-0.6880611217205288,-2.0795434600392513,-1.4794041143355086,-0.3624023435346036,-1.4177333678515625,1.0231150620684406,2.015958814679048,-1.9274530163596677,1.8475379490165116,-0.4020035259081197,2.6849255123346056,-0.47320092519943363,1.8424994025209798,-2.5150417786620607
numHidden 	5
numGenes 	48
minGene 	-3.0
maxGene 	3.0
popSize 	80
tSize 	20
uniformProb 	0.5
numPoints 	3
numReplacements 	40
rtSize 	20
maxEvaluations 	20000
mutateRate 	0.01
mutateChange 	0.05
numTests 	10
seed 	1523951630152
random 	java.util.Random@4554617c
neuralNetworkClass 	class coursework.ExampleEvolutionaryAlgorithm
Training Set Training
Fitness 0.6365595627509343