1.9730955472818665,-1.3418945642702993,1.6758315713324488,0.30133358250972947,0.010434417873613391,-0.7615882967117678,-0.3338180676847392,-1.1310136003371405,1.0414198010779019,-1.19844292835005,-0.7988281160750219,1.1747510642996497,-2.855381998873508,0.7855590695137751,-0.31518191730394124,-1.083050750695858,0.38516845866628036,-2.478556602209132,1.646095069204629,-3.1556340470050737,-1.9167957047048654,1.0492414058312745,2.09509414941813,0.9956403005338268,1.2145462963801001,-1.1571807667471263,-0.38105458551281174,-0.2942894355676283,0.4612854318005209,2.386838424619648,2.5575773893555223,2.23100983566169,-0.9658346051863356,-0.24968067438950403,0.17243788707644594,-0.9349680327808696,-1.3695274467972292,2.4899459607873835,1.781845002290436,2.023307967640924,-1.3295598224491214,1.042430020831928,2.184683900134204,-2.8782454808465987,0.27196959692358963,2.778917732477587,2.1797143976156623,2.7547796279952665
numHidden 	5
numGenes 	48
minGene 	-3.0
maxGene 	3.0
popSize 	80
tSize 	20
uniformProb 	0.5
numPoints 	3
numReplacements 	40
rtSize 	20
maxEvaluations 	20000
mutateRate 	0.01
mutateChange 	0.05
numTests 	10
seed 	1523951630152
random 	java.util.Random@4554617c
neuralNetworkClass 	class coursework.ExampleEvolutionaryAlgorithm
Training Set Training
Fitness 0.4559313705208454