-0.27182986342803767,3.1150966517073293,-0.4716527685104148,-0.5391654905854697,0.07422045162817087,2.7369841117376854,1.956894987537413,-1.0520430171039197,-3.2565887153653104,-0.8738426395416306,-1.8879290594266298,1.8537671169098593,-1.9835431724847312,-1.7371976540477436,1.1552517704992464,-3.397038358935283,2.970121436318313,2.413886058039454,-0.18642654928018743,0.5942175942004162,-2.254118011513791,2.2941963935918785,-2.4733202872277404,1.4601545175579564,3.323209070179413,-1.9644376873714176,1.642784849862846,-0.049564676506168776,0.6098086941711889,-2.5461590966934606,1.7644792744426854,0.876618479118281,2.4967100240090527,3.2856806585609544,1.698999216868855,-0.3414572265672495,-2.600862321210563,0.7869936251349481,1.00948518635503,1.6506997541352484,-2.635351127403668,-3.307512873196497,2.843043708377661,-2.6467787792688746,-0.6219364834145046,2.830531272937395,0.47822933249038063,-1.8242219336150491
numHidden 	5
numGenes 	48
minGene 	-3.0
maxGene 	3.0
popSize 	80
tSize 	20
uniformProb 	0.5
numPoints 	3
numReplacements 	40
rtSize 	20
maxEvaluations 	20000
mutateRate 	0.01
mutateChange 	0.05
numTests 	10
seed 	1523951630152
random 	java.util.Random@4554617c
neuralNetworkClass 	class coursework.ExampleEvolutionaryAlgorithm
Training Set Training
Fitness 0.593509246373955