0.05990510194846957,1.5946208272425904,1.119144632383877,-2.916058075362862,1.7862648455979737,-0.9590207448766161,2.008967398033376,-1.1133371739199531,-1.716467583054503,0.6274099677966636,3.021104757644484,-0.5796845706798172,-2.026614565715124,-0.832263422256845,1.360347271191246,1.9164357692101563,-1.8972858465451135,2.867448903721116,1.4047627270830811,1.4538582871645809,-2.0371981163578896,0.11581747208336136,3.3145262770485227,-1.0845595426937447,2.336104476976038,0.8771846054385355,0.34790785898519955,3.2195691512967395,-1.1644923913434726,1.3876212263826913,-0.22199222011934705,2.9472858167797833,2.667740663679928,3.476812092515278,-0.16061894834808912,0.018289737267092362,-0.7930805795242226,-0.6138012035078413,2.256732146165084,0.039000166438810324,1.6559914807089824,-1.1569114448586517,2.8684139313122694,-0.7467185093892151,2.1531482427608797,0.22660325597978986,-0.4944891406680893,0.7713546898632742
numHidden 	5
numGenes 	48
minGene 	-3.0
maxGene 	3.0
popSize 	80
tSize 	20
uniformProb 	0.5
numPoints 	3
numReplacements 	40
rtSize 	20
maxEvaluations 	20000
mutateRate 	0.01
mutateChange 	0.05
numTests 	10
seed 	1523951630152
random 	java.util.Random@4554617c
neuralNetworkClass 	class coursework.ExampleEvolutionaryAlgorithm
Training Set Training
Fitness 0.5957745162273812