0.4665789830561065,-0.26097230686170275,1.2256698552050143,2.0916481838166625,-2.571147066680489,2.520158650756561,-2.678559672506921,-0.14441077529470986,-0.40657304720605303,-1.6635488776688978,2.610820838866026,-1.4316045706170941,-0.8189310882283423,2.714492056919312,1.1789548515966182,-2.2972752133760963,0.6209962860520517,-1.5989508168826616,1.8530459546413638,-0.46186445594271125,2.2039640648268755,-0.2793975208571809,1.0981379565775762,2.139730656083433,-0.1547551284957071,-0.409300784787339,-2.0852774006021897,-2.842586126898486,-1.82356827338306,-1.0981393523997358,2.013162151252061,2.1382246252733035,1.1939824148195888,-1.6378766057531586,-3.4573494920454055,-1.9186691365013688,-3.761094567724614,-2.412838288297556,-1.2573324338907295,-1.2101349018659737,-1.5340238143596923,-2.7647042838982707,2.4126193267744647,0.8859018074449694,-3.3176473356497027,2.34254620912803,1.8105876624897028,1.90448004654322
numHidden 	5
numGenes 	48
minGene 	-3.0
maxGene 	3.0
popSize 	80
tSize 	20
uniformProb 	0.5
numPoints 	3
numReplacements 	40
rtSize 	20
maxEvaluations 	20000
mutateRate 	0.01
mutateChange 	0.05
numTests 	10
seed 	1523951630152
random 	java.util.Random@4554617c
neuralNetworkClass 	class coursework.ExampleEvolutionaryAlgorithm
Training Set Training
Fitness 0.3721057116399391