0.5083192431673809,-1.3306921941910343,-2.722016581635404,2.6233718333516034,-2.038516715276307,-0.023885705664088305,1.9671506078342549,1.1711109558961965,2.802382572633836,0.3961216915834301,0.07681594198618368,0.3404910967050092,2.578209655931425,1.431944881274267,-1.1485693489482227,-1.2934432306658956,3.0886961938780217,1.28876577452987,-2.7822621775949434,2.498399503516861,-0.8278126685656051,-1.6635665887773559,-1.5926664731313172,-1.9478184273760837,2.840347773049177,-0.9730063804642648,-0.30329638629894395,-0.4676721887807756,2.2272113613855256,0.13599323627861198,1.9599360558827859,2.485909453368813,-3.200857033925349,1.5861431372260069,-0.6460775281756006,-2.9207661533847418,1.8906419868954256,-1.4603466720126137,-0.18203036332150085,3.9371343352669452,1.5867771996520157,-2.0392070665024846,-2.030648990872495,0.21444031201638203,-2.5836005548212615,-0.5970427336776658,0.4134404319023398,2.825592865664155
numHidden 	5
numGenes 	48
minGene 	-3.0
maxGene 	3.0
popSize 	80
tSize 	20
uniformProb 	0.5
numPoints 	3
numReplacements 	40
rtSize 	20
maxEvaluations 	20000
mutateRate 	0.01
mutateChange 	0.05
numTests 	10
seed 	1523951630152
random 	java.util.Random@4554617c
neuralNetworkClass 	class coursework.ExampleEvolutionaryAlgorithm
Training Set Training
Fitness 0.4916194366097079