-0.6147213437325632,-1.5133032489780673,2.9477486710940823,1.326955412675047,2.39745456556828,2.9822772824320776,-0.2165866973106768,1.3118656919279674,-0.9534185222835829,-1.6654532310782344,2.986146859506614,-0.730467534913394,0.6499158850170421,1.9603051163455538,-0.643214613424166,-0.7398235161543378,-0.15620624495021568,1.2874975188354023,-0.45606052535595093,2.0887723255968837,0.291865253910028,1.3239845614504093,1.1894326031845868,1.7239487238026685,2.6277078116972854,-2.0031313437629974,-1.4897628912075067,2.8817025507848593,0.4777531709309653,2.8793113220460507,2.538428125399941,2.2773817793786364,0.4710119967659641,0.37918956798397335,-2.0300270223286185,-2.1744363801412496,1.7901216903583663,2.1588727493080233,-2.310027408739966,1.4811271364710212,-2.2962036897739537,-1.7621904341305037,-0.5037369638138155,0.7159892717497577,0.4437988145556578,1.0995498652759585,3.3850907106986057,1.3146472143849652
numHidden 	5
numGenes 	48
minGene 	-3.0
maxGene 	3.0
popSize 	40
tSize 	20
uniformProb 	0.5
numPoints 	3
numReplacements 	40
rtSize 	20
maxEvaluations 	20000
mutateRate 	0.01
mutateChange 	0.05
numTests 	10
seed 	1523954856783
random 	java.util.Random@4554617c
neuralNetworkClass 	class coursework.ExampleEvolutionaryAlgorithm
Training Set Training
Fitness 0.11041866719484625