0.3589806435018275,1.3462113998793808,0.5899554792741859,-1.1711107900859818,1.368841231964421,1.1090152228768595,-2.152645342688931,-1.6425970857045402,-0.5546305334633671,-2.836864279438495,3.079595938880205,0.8210298737789707,0.18893476884882848,0.8185247030853398,-1.1519121169843554,-0.9078702967552623,2.412993660607353,0.9558993305813241,-0.5695747325065865,0.0374037092783647,1.6395789962440745,1.8321233857772905,-0.01564319606838642,0.9656525885493805,0.7487220394216803,0.9138561774563669,0.35017546754080614,-1.4777701078724965,1.1729553290907184,0.9039630391622822,1.7067038159243442,-0.03285649554285505,2.160470307019157,-2.920530077358414,3.2472223077946643,-2.753200479168356,-2.4495799035148362,-2.3483515209509247,-2.369645205406604,0.529936958602155,2.311287429915237,-2.761889549172638,-0.262898374093852,-0.2736592958821902,2.538150480921982,-0.34641041875815487,2.1788817158418956,0.7424744672994132
numHidden 	5
numGenes 	48
minGene 	-3.0
maxGene 	3.0
popSize 	40
tSize 	20
uniformProb 	0.5
numPoints 	3
numReplacements 	40
rtSize 	20
maxEvaluations 	20000
mutateRate 	0.01
mutateChange 	0.05
numTests 	10
seed 	1523954856783
random 	java.util.Random@4554617c
neuralNetworkClass 	class coursework.ExampleEvolutionaryAlgorithm
Training Set Training
Fitness 0.3721057116399391