-1.093194589242834,-1.530663768329385,-1.85569920796848,-0.09092898255762187,0.6693563747701898,2.8295754432216684,2.247284555866064,1.7236830027912287,2.967308050879984,-1.4516669102335427,1.5809955069518806,3.3271519371859464,-1.8877755333308859,-0.4114556933660102,0.1600087210245052,3.296383491977033,-0.3571600959550407,-1.3676428883858174,2.616742061166887,2.832174124114313,-0.4551393169379854,-2.822591505059491,2.453736001389692,2.10973491836077,-2.8262186039233406,1.2674238017073254,2.516031947783357,-0.008292833188490042,1.2647860094427987,-1.5467788222599768,1.6409607639080448,0.8901786036900008,-0.26783757531430147,-1.0420654666151183,-0.09523638720043558,-1.8143023012433366,3.1665196937781754,-1.8144916645103346,1.1850753677739123,1.9202645582748692,-2.268544893001929,2.4142470587637126,-2.0045896162049583,-1.822235979432886,-2.157820371678908,2.2574391057237273,2.872400824088764,-2.6007110862621796
numHidden 	5
numGenes 	48
minGene 	-3.0
maxGene 	3.0
popSize 	40
tSize 	20
uniformProb 	0.5
numPoints 	3
numReplacements 	40
rtSize 	20
maxEvaluations 	20000
mutateRate 	0.01
mutateChange 	0.05
numTests 	10
seed 	1523954856783
random 	java.util.Random@4554617c
neuralNetworkClass 	class coursework.ExampleEvolutionaryAlgorithm
Training Set Training
Fitness 0.26129419645394086