-2.8013099225889078,2.0279969714371457,0.6281545611654251,-2.2365305307273236,-0.4654025969936895,-2.4489262178570934,-0.91760959077352,0.8016301652867717,-1.9113251360623558,-2.021656536360865,2.631635981377836,0.982678572428253,0.2512328298264095,2.2991234945674446,-0.1551160149959241,-2.9946094857280334,-0.47870453293152854,2.5483462000069297,0.6327750105938009,-1.9045089373411737,1.9595933674279256,-2.643877482410626,-1.4373938514649223,2.3281413057564615,-2.560464550405154,-3.4377111307802246,0.8968983228784229,-1.364337550402519,2.70815884060214,2.8246305224747372,-1.6623597803007097,-1.3584976681921825,-1.3688319933481456,-1.2790298827805509,-1.0358168111657367,-1.0233190216302621,1.4457783517539293,1.1542845736542113,-2.753875013379334,2.4876881612871733,1.4821946859774455,-0.9834957764560592,-0.5566261940786323,0.23503888090082187,-0.310840342837453,2.900630576917294,3.37395077516258,2.359427755162149
numHidden 	5
numGenes 	48
minGene 	-3.0
maxGene 	3.0
popSize 	40
tSize 	20
uniformProb 	0.5
numPoints 	3
numReplacements 	40
rtSize 	20
maxEvaluations 	20000
mutateRate 	0.01
mutateChange 	0.05
numTests 	10
seed 	1523954856783
random 	java.util.Random@4554617c
neuralNetworkClass 	class coursework.ExampleEvolutionaryAlgorithm
Training Set Training
Fitness 0.3721057116399391