1.0577962340264588,-2.341219434210007,-2.501656730864705,-2.564355872717594,-1.301996338799236,-4.1217827814811345,2.339645179276862,-1.9882918828436502,-1.405773879177752,2.070345602471564,-1.4106552309060345,0.09568206180460002,3.3298127604346135,1.740722454874072,2.70959858845148,-2.7634643301723116,-0.8002343132677281,-2.649581761198934,0.2875058775660533,-0.03040567460444965,-0.8686816706813185,-0.1669857016413243,0.3598875791537812,-1.0240200577183531,0.9190264821533738,-0.5632443182687447,-0.5272391997048378,1.2084348424350546,0.37050145328644407,0.9292944110074399,-3.149648013638735,-2.3643838985743186,-2.324285996560586,-1.3838615047712015,1.984035576304202,2.239369593667525,2.667091083533469,-0.22491430508353016,-3.575365479606261,2.3194146295782074,2.0794287378777234,-0.5524014703898278,3.572063045767268,2.467292588246492,-0.002063242726799655,-1.4457530935651774,1.9043417172306656,-1.6836456542001865
numHidden 	5
numGenes 	48
minGene 	-3.0
maxGene 	3.0
popSize 	40
tSize 	20
uniformProb 	0.5
numPoints 	3
numReplacements 	40
rtSize 	20
maxEvaluations 	20000
mutateRate 	0.01
mutateChange 	0.05
numTests 	10
seed 	1523954856783
random 	java.util.Random@4554617c
neuralNetworkClass 	class coursework.ExampleEvolutionaryAlgorithm
Training Set Training
Fitness 0.13004750872017834