0.7507915037828137,1.5974802972234805,2.640761797957218,1.4876933738991451,-0.6016986899216825,2.7161756100248926,1.6085368998627683,0.22743336164301414,-0.3734652250825089,0.6711724205289775,0.3263841395667637,-2.696113415787595,-0.6906758808331761,-1.2460717641397192,-0.6444039304265425,2.2275589582529287,-2.499442573230897,1.1848865160093716,0.8689427841723152,-1.5595115955831567,-3.336825191430247,0.3169543785915411,-1.0077709246937177,0.7923395705386285,2.5354299356394554,2.8951600477342967,2.0680946009919943,-1.4076253707816375,-0.3906471474346817,-3.015166251909509,-1.9183560138448814,0.7377292243211784,-1.2899751339281922,1.1161981790494688,2.469915029872018,0.1727160598502549,-2.9845494338329717,-0.9336950581537433,1.2571179815059856,0.17567846134395726,0.9954791490806358,-0.24020198819021787,-2.935002037824841,-2.5507899331837907,1.3244021939376893,0.6180342053987458,-0.9574053695418152,0.25635874760397176
numHidden 	5
numGenes 	48
minGene 	-3.0
maxGene 	3.0
popSize 	40
tSize 	20
uniformProb 	0.5
numPoints 	3
numReplacements 	40
rtSize 	20
maxEvaluations 	20000
mutateRate 	0.01
mutateChange 	0.05
numTests 	10
seed 	1523954856783
random 	java.util.Random@4554617c
neuralNetworkClass 	class coursework.ExampleEvolutionaryAlgorithm
Training Set Training
Fitness 0.23235916199024087