-2.4081459736803,2.274967058918998,2.208394999243155,-1.5139882797060988,1.9847106847266962,0.7615871581443694,-2.4719899574945963,1.1910512953007737,-1.0755083755820418,-3.3645879036079784,-1.8750923784178515,-1.7213399799837261,0.8264417356839111,2.067255286359549,2.2956545914857527,2.856998475459487,3.3339622811366594,0.8749071253741885,0.04536681310466628,1.5911079573216644,0.9567998655582313,1.922374782459673,0.9891023377123678,-0.6112154750528749,-3.2225634462419717E-4,1.6957552407846053,1.9783570291093067,-1.0630442227909083,-2.8181563706403647,2.0744794193611416,0.4888815158684728,1.1102282066838853,-1.758628787867965,0.21939580283993487,-2.106851189017113,1.0197578870233746,-1.701090259337478,-2.2105938500019793,-3.234593550552434,0.40457856726144664,0.6739343655453327,2.2760885719165307,-1.02063716850613,-0.9109894855357068,0.5524139103114234,1.5609868593902474,2.7081611957054603,3.088752334218266
numHidden 	5
numGenes 	48
minGene 	-3.0
maxGene 	3.0
popSize 	40
tSize 	20
uniformProb 	0.5
numPoints 	3
numReplacements 	40
rtSize 	20
maxEvaluations 	20000
mutateRate 	0.01
mutateChange 	0.05
numTests 	10
seed 	1523954856783
random 	java.util.Random@4554617c
neuralNetworkClass 	class coursework.ExampleEvolutionaryAlgorithm
Training Set Training
Fitness 0.3709764530523243