1.4943450068878819,-3.6248926898770977,-0.9258671998611767,-2.1414909675004137,-0.10213199398289134,2.0768955361853063,0.3645867211517166,-1.470653388494143,0.502475739275684,1.4106232727068306,-2.146440602573459,-3.065639752446179,-0.6052622342638794,-1.3075233083113602,-1.1058180040221393,-2.1916349691916412,2.3470985874722796,0.41560279832568725,-3.6575597298345555,0.5758085448082407,1.814714337015844,1.693131914339527,-1.9162266199336386,2.6117605700807234,2.9445870367246496E-4,-2.311438391114647,-0.11575897931135799,1.4760775834201352,2.1253671439704425,-2.2891136099092306,-2.715053950467152,-0.523169748892151,2.1913026311152537,-0.03135137108682928,2.9220763439260145,-1.0453654826965075,-2.1541431579473165,-1.1686157895893863,2.2060955208350927,0.3525702868317177,-0.30908681537909294,-1.711264426338004,-2.0677106777782948,2.0469189692286243,-1.7254719092594448,-1.0232008798209156,1.721043595521635,-2.9879993211283717
numHidden 	5
numGenes 	48
minGene 	-3.0
maxGene 	3.0
popSize 	40
tSize 	20
uniformProb 	0.5
numPoints 	3
numReplacements 	40
rtSize 	20
maxEvaluations 	20000
mutateRate 	0.01
mutateChange 	0.05
numTests 	10
seed 	1523954856783
random 	java.util.Random@4554617c
neuralNetworkClass 	class coursework.ExampleEvolutionaryAlgorithm
Training Set Training
Fitness 0.2677254381295221