-2.0048131759629126,0.5266295700784466,-3.0769910440580457,1.646938597170813,2.9354745865794287,-1.2020893023318993,1.2380861723227468,-0.8202609827659924,2.141344038285541,-0.6366881960833439,-0.4064884246382706,-1.5195876753996669,0.7643315932502932,-1.942665842593387,0.5428296384483984,2.159024063878542,-0.1466308406439083,-0.7202958379179175,0.7527851740975042,0.6756601982496606,-0.28857407295094634,2.6720548343981037,-0.9653333821523016,-0.30746133917480645,2.95011961672643,3.081122982158827,-1.3107403440953707,-0.2979393156266424,-1.08081181711754,-1.174119354495744,0.9882041414428564,1.567553953265363,0.2638859553569462,2.1340686314199795,0.30946592536462825,-2.5197375746194677,-1.9729589063851403,-1.9008566316552646,0.7770573531595422,-0.7095693787282489,3.1636804626775783,1.9316991485752086,1.2750639621778306,2.0121288299434914,-1.4751967349205044,0.38997073521753783,1.8634532899712763,1.730761183843845
numHidden 	5
numGenes 	48
minGene 	-3.0
maxGene 	3.0
popSize 	40
tSize 	20
uniformProb 	0.5
numPoints 	3
numReplacements 	40
rtSize 	20
maxEvaluations 	20000
mutateRate 	0.01
mutateChange 	0.05
numTests 	10
seed 	1523954856783
random 	java.util.Random@4554617c
neuralNetworkClass 	class coursework.ExampleEvolutionaryAlgorithm
Training Set Training
Fitness 0.14112804416071342