-1.6720229632386765,-2.482596010138447,0.6583174815886959,-2.6307138009262165,2.316509310893572,1.4634171136336322,-1.796874533644029,-1.5584694285668539,-1.2362248631204305,1.046620042819052,-1.2729943974259876,1.1916149692740499,2.644815302732058,1.898776208614181,1.1089998401023797,-0.35287983984663746,2.228367901529948,-0.648159946619069,1.290609734561833,-0.1986371348070845,-1.2146227313836455,1.9408503663024153,1.5628205186425743,-1.2941447169609566,-0.9309936640181291,0.8104653248723488,-1.845301571407815,-2.7416578030390477,-1.040990918502678,0.3440690008110631,-1.6697113946915338,-2.9385960486415863,2.1629336683899982,-0.30662907008076423,-2.4061000473269383,-2.370653710009906,-0.6962681833435025,-1.167103110674485,2.934718836663613,0.31133552916558344,-0.20203789436474,2.5477597768551083,2.010059484268942,0.32646709917725836,-1.3591158272648078,0.23457950129933508,1.4224114302363497,-1.6783038299330733
numHidden 	5
numGenes 	48
minGene 	-3.0
maxGene 	3.0
popSize 	40
tSize 	20
uniformProb 	0.5
numPoints 	3
numReplacements 	40
rtSize 	20
maxEvaluations 	20000
mutateRate 	0.01
mutateChange 	0.05
numTests 	10
seed 	1523954856783
random 	java.util.Random@4554617c
neuralNetworkClass 	class coursework.ExampleEvolutionaryAlgorithm
Training Set Training
Fitness 0.2783828006217935