-1.216435736950601,1.8656618509476968,-0.19483769306487886,-0.59878365281772,-0.22416881750130163,-1.3560387522442616,-0.11986857532559954,0.4223173602878677,3.1609115195765707,-1.2539922775779848,2.8721134908333372,-0.2836668687665967,-2.701034538623518,-1.3221861999614333,-2.772498095412015,1.5944644735648588,1.4824783358095297,0.15893038473057225,-1.8564482042221668,-1.9577654076233013,-1.9906740658190782,1.8656253254644624,-2.0835070173190195,2.2172880077113915,2.039576045575413,-3.0173618621820077,1.992173440724416,1.588373896299368,-1.686640954443495,-0.04792836296765993,1.0869931598293798,1.7491962084482586,0.28487139458062155,0.8200915092679582,-2.631625615829746,2.1966668587580482,2.5428158914421486,-0.36828357004153894,-2.307001899352292,-2.3935389929407442,-3.0096915729992824,0.6610852898036006,0.5475214899940812,-1.080368203279875,0.1475256057552895,-1.4607942214716683,-2.779525179219609,1.922400461001469
numHidden 	5
numGenes 	48
minGene 	-3.0
maxGene 	3.0
popSize 	160
tSize 	20
uniformProb 	0.5
numPoints 	3
numReplacements 	40
rtSize 	20
maxEvaluations 	20000
mutateRate 	0.01
mutateChange 	0.05
numTests 	10
seed 	1523949318761
random 	java.util.Random@677327b6
neuralNetworkClass 	class coursework.ExampleEvolutionaryAlgorithm
Training Set Training
Fitness 0.6352983068724627