1.041875974427845,-0.7038061215622813,-0.31834347441847183,-0.7702499519990615,-0.5409264450566729,-1.5754500368958948,0.07148271611329907,0.5236388182835201,-0.19115242383371517,1.920340286561696,-0.14587188170531268,1.4847761693182377,0.3060419198188503,1.5768116862183874,-0.512254238302672,-2.7506986000615647,-2.0799888941288875,2.0880150993713333,-1.6910896468221663,-2.7111795326040866,-2.9651132755881906,2.031949679504957,-0.3649316699169805,1.414594775159526,0.8403020534679069,1.527508587798404,2.3528609147364614,-2.416639012448245,2.514087340260022,0.34265919243990994,-0.40886379928849326,2.399199988227682,0.8299312549186864,0.6371435008472025,0.692700256340175,1.555488570676332,0.8319885687611046,-2.5336529453108922,-3.448408151977735,-0.05192855472546454,0.16489766044414492,-2.546154583548974,-1.8270988877811756,-2.0345946051586496,1.2316578571663814,-0.5415072541277783,1.5398837973074146,2.3235327760353117
numHidden 	5
numGenes 	48
minGene 	-3.0
maxGene 	3.0
popSize 	160
tSize 	20
uniformProb 	0.5
numPoints 	3
numReplacements 	40
rtSize 	20
maxEvaluations 	20000
mutateRate 	0.01
mutateChange 	0.05
numTests 	10
seed 	1523949318761
random 	java.util.Random@677327b6
neuralNetworkClass 	class coursework.ExampleEvolutionaryAlgorithm
Training Set Training
Fitness 0.63324655655879