2.3490793627314748,1.3680951347476864,0.6748107441463504,-2.7075905840915406,0.28480835926179143,-0.04524205958608932,0.17725139115417415,-1.5530114638426409,2.8935932352145235,-1.237202780520347,1.8264396983934965,0.43297760030554444,1.5070774720167617,0.3441448852894602,2.2643763078764785,-2.1719386409734454,2.6500906228377916,-1.3292743745639715,-2.352181930372806,0.07661806228620437,-1.7669996992749686,-0.9727260620746039,1.8321304019987137,1.8318060200809414,-1.7127812897362478,-0.18903719101760225,2.606833800600377,0.5604116043731321,-0.1383754384145277,-2.8284767622903684,-2.312091671115298,2.4611319319674774,-0.9308533936274297,-1.8686084008194497,1.1871586616605465,0.49657097037151704,-2.9182607343430305,-2.1812150871043268,1.1316729807108474,2.9763395387360463,2.6184620011421353,1.2774600202916369,-3.203354492027582,1.6532605706278125,0.6553655371284448,-2.564727172149118,1.9425646033946518,2.4067857896358733
numHidden 	5
numGenes 	48
minGene 	-3.0
maxGene 	3.0
popSize 	160
tSize 	20
uniformProb 	0.5
numPoints 	3
numReplacements 	40
rtSize 	20
maxEvaluations 	20000
mutateRate 	0.01
mutateChange 	0.05
numTests 	10
seed 	1523949318761
random 	java.util.Random@677327b6
neuralNetworkClass 	class coursework.ExampleEvolutionaryAlgorithm
Training Set Training
Fitness 0.6307274392670856