-2.7302530687442923,1.9580427437097636,-1.1775518024301042,0.765572284917829,0.29198599460923735,-0.7663684912694912,2.162170962913441,-0.6553114745590509,-2.455020459082159,1.2149505625724792,1.4214868446068196,2.597407513359035,2.9531632368399228,0.7220536014269177,0.13557709413809482,-0.9939639158694873,-2.7781828662306234,1.1323925471802465,-2.005992860530882,-2.1940367131204273,2.2717859050163374,0.8345634524253289,1.6989989134749928,-0.8431459452883516,1.0452626837147365,-1.0313829592083676,-2.5325579254459987,-2.921888433704504,-2.6639070545063808,2.0594150027750393,3.45099805662748,-1.000576320992012,1.4242228888836626,-1.9024382435653444,-2.006430042211576,0.5940121877939242,-2.992408158690824,-1.3920137584364964,-1.9221639709669553,-0.6335067504813112,-1.9740603694969703,1.169297760080632,1.1824666419736736,1.2590589485999182,-0.6403323003155705,-0.09241601973948498,-0.37093724392081334,1.8189851588532333
numHidden 	5
numGenes 	48
minGene 	-3.0
maxGene 	3.0
popSize 	160
tSize 	20
uniformProb 	0.5
numPoints 	3
numReplacements 	40
rtSize 	20
maxEvaluations 	20000
mutateRate 	0.01
mutateChange 	0.05
numTests 	10
seed 	1523949318761
random 	java.util.Random@677327b6
neuralNetworkClass 	class coursework.ExampleEvolutionaryAlgorithm
Training Set Training
Fitness 0.37388221190642934