-0.3788898367844677,0.06150291619417372,1.5062759479118373,2.0540653972945266,1.9748660800857072,2.205701463624009,-2.4288995543697025,-1.9766720926443295,-0.9864860128611987,-2.2656129762649755,-2.2367250793508164,-1.2366308948056934,-2.577116874036253,1.1877405099111222,-1.0358487343169125,-0.4088990701007673,-1.7164164489187135,-1.6547051584547063,-1.2171474933403792,-1.0069435498170753,2.2841356528144248,1.9400589224776437,0.7704618584371065,2.3652006540026704,-0.3604381283852635,0.1795773822453252,-1.23064395985432,-2.2394021539436277,2.55126715555697,-0.3454218271261107,2.2848765260198123,1.4191438511902126,1.218647630203593,-1.5001549015388533,-0.015105595532993732,-2.8186955972292767,-0.1750277627957934,3.293434916956074,2.0386800916624566,0.9530325242714037,2.469692987063297,-1.510655484637234,-0.650146147015148,-2.1582224179018654,2.656450061623832,-0.07478263272240834,-0.4809535480809426,2.2737285801929277
numHidden 	5
numGenes 	48
minGene 	-3.0
maxGene 	3.0
popSize 	160
tSize 	20
uniformProb 	0.5
numPoints 	3
numReplacements 	40
rtSize 	20
maxEvaluations 	20000
mutateRate 	0.01
mutateChange 	0.05
numTests 	10
seed 	1523949318761
random 	java.util.Random@677327b6
neuralNetworkClass 	class coursework.ExampleEvolutionaryAlgorithm
Training Set Training
Fitness 0.2774318613413279