-0.978727555893182,-1.3059051558614716,-2.0606118381321306,2.6520922032613923,0.4423231601751739,0.17237758367960315,2.38804391683908,-2.9025474138528273,-1.3710045796742227,3.082654875030281,2.735124957218998,2.8734891075685534,1.8325375131827013,2.5039217800924156,-0.6277596367877267,1.3461790366561643,2.8680502094976745,1.538772743963894,0.022497898381143536,-2.2059464697394713,0.6581590930376566,-0.4248881607556685,1.9216684618599622,-1.51139992498546,0.07992860927135924,2.3880882578281177,-0.7473874748581679,1.01368879046232,-1.1393389222509331,1.8184286295266392,-1.0254935629208268,1.3795278571542473,1.2443933646917826,-0.6886199112637355,2.2833320906636985,-2.096549361033714,3.4145776572560465,0.3360305697832423,1.2225153474798187,-0.915866539367344,2.7096037570689475,-2.7221875678731564,0.38251627401697924,-1.8123596428693731,1.7564934353171429,-1.9424505325874024,-2.614396427278842,2.5929869277297755
numHidden 	5
numGenes 	48
minGene 	-3.0
maxGene 	3.0
popSize 	160
tSize 	20
uniformProb 	0.5
numPoints 	3
numReplacements 	40
rtSize 	20
maxEvaluations 	20000
mutateRate 	0.01
mutateChange 	0.05
numTests 	10
seed 	1523949318761
random 	java.util.Random@677327b6
neuralNetworkClass 	class coursework.ExampleEvolutionaryAlgorithm
Training Set Training
Fitness 0.6312934084042567