1.4715608585459492,-1.2626080137035212,0.19010180870390503,2.4859321610531024,-0.7671760732501658,1.7352923713621087,-0.8362011559828508,-3.132262297655955,-0.9359599445543612,0.6073467864728666,1.265786653595938,-1.0566459781730606,0.14854786522523997,-0.4919180868190644,-0.0697359188577075,-1.7467982904343637,-2.636468102137826,0.3843830653448716,3.203974341807661,-0.47486843281785657,2.725435141501145,0.22755175338909467,1.0034063046999422,-1.3085339699743077,1.7313947871637683,-1.8769340371969518,-0.1490537682499547,1.2581084263289353,-2.240276124813648,2.509408074693547,-0.6229721686074058,-0.8404551387153665,1.5748861082705905,-0.43837669861920814,0.1265011044965081,2.0566113040879737,0.8023334488095253,-2.242935660549448,1.0461119194659116,0.544445824212217,-0.20400506964874643,-1.289918339810681,0.15615598393122895,-2.963907935143797,-1.3838681594262943,1.7292076243221783,-1.3269558663377599,0.32276683416748636
numHidden 	5
numGenes 	48
minGene 	-3.0
maxGene 	3.0
popSize 	160
tSize 	20
uniformProb 	0.5
numPoints 	3
numReplacements 	40
rtSize 	20
maxEvaluations 	20000
mutateRate 	0.01
mutateChange 	0.05
numTests 	10
seed 	1523949318761
random 	java.util.Random@677327b6
neuralNetworkClass 	class coursework.ExampleEvolutionaryAlgorithm
Training Set Training
Fitness 0.6312934084042567