-1.3654945831814231,0.5270445125956311,-1.070558691812509,-0.1978649336595497,1.777357485525222,-0.1885967535598313,1.704923886039929,2.1637244694403277,-0.8419826585524111,-1.857368189196076,-0.9257539531923074,-2.168712964215736,-2.6156067385228443,-2.679580929918658,2.3355479035697178,0.3739216502184497,2.137207993198901,-0.22011284945478127,-2.7918932035158557,-1.4604029931626237,0.5892779616074348,-1.803880191671123,0.9750560578531855,-1.325824548420948,2.9791625433352245,-1.7159639647884586,1.0223603972196742,1.5184428237347094,-0.8302633160866006,0.12055114738942461,-1.7784018665510368,2.3442635502080265,-1.8218977661608373,1.8811984057639222,-0.5462988025757716,1.4999680751395563,2.1066081620759864,1.2361236390175154,-1.7920774448687466,1.8315600177255607,1.7356147948289542,-0.2094053925854138,1.7149027666272507,1.730317905449452,-1.0930079617705923,-2.917095358085642,-0.9651797503838182,2.0288490373818604
numHidden 	5
numGenes 	48
minGene 	-3.0
maxGene 	3.0
popSize 	160
tSize 	20
uniformProb 	0.5
numPoints 	3
numReplacements 	40
rtSize 	20
maxEvaluations 	20000
mutateRate 	0.01
mutateChange 	0.05
numTests 	10
seed 	1523949318761
random 	java.util.Random@677327b6
neuralNetworkClass 	class coursework.ExampleEvolutionaryAlgorithm
Training Set Training
Fitness 0.35561091666263644