-1.9364121562010914,-1.0533490421572427,-0.8424811288446363,1.7512991334528212,-2.51666445498897,-2.135087527946301,-0.7440111551721231,-1.6544149748720498,2.2383416685958535,1.362411665005888,2.677176953055069,-0.34493165333278286,-2.7625428804033154,-2.3555668081577763,-2.724425589734773,2.218672620885388,-1.5628180730802297,-1.7632461859612316,-0.840767043494693,-1.7882084755369407,-2.107545622170695,-0.6372792358074979,0.5267368410087423,-1.44900192056717,-0.571296104993783,-0.8603999563145039,-0.43736084885061677,-0.19150406251935043,-2.118652716726901,-2.238236465025375,0.35453619311843404,-0.011939307351646986,-1.3452325418125703,0.0035129819276214364,2.84455743422755,-2.9767983999657526,-0.7038277157017858,0.027076503874484043,-1.5848354616713929,1.7047554388340147,-3.0394098725411354,0.12154648726455285,1.933756678532763,2.429114640531397,0.911619414888974,2.22626279090894,1.0926909799970943,-2.120230697469986
numHidden 	5
numGenes 	48
minGene 	-3.0
maxGene 	3.0
popSize 	160
tSize 	20
uniformProb 	0.5
numPoints 	3
numReplacements 	40
rtSize 	20
maxEvaluations 	20000
mutateRate 	0.01
mutateChange 	0.05
numTests 	10
seed 	1523949318761
random 	java.util.Random@677327b6
neuralNetworkClass 	class coursework.ExampleEvolutionaryAlgorithm
Training Set Training
Fitness 0.5417018574548191