0.07072801043679267,-2.846530427134028,2.055451409733779,0.9999041713659973,-2.1414383722952115,-1.2767574339217835,-2.6707215386312795,0.551995867775539,1.0902033206459074,-0.5888224877286942,2.3033310336770345,2.3359534487048217,-0.4547264474122797,2.345388022986695,-1.751539752419814,-2.4912215642076823,-0.2924502788912498,2.260927196712837,1.0132347118463105,2.4848027073384484,0.5430428063442279,0.3487698269968391,0.18835332869667848,-1.3269856464333103,2.6501585725821926,0.9118265205866907,-1.0916758778245035,-2.075367699262172,-1.8807625520958335,-2.4375513385772294,-1.6224960408821383,-0.6951202228775595,0.03524842208366363,0.07674449100369003,-2.5521674806892745,2.1275204830437184,-0.7086013043628787,-0.46061395321852133,-1.946675920324564,-1.0471715304393603,-0.14709566380185107,2.6684442183877204,1.4716204884011796,2.8492714513111075,1.9691533060826185,-1.546848547822257,0.3856373765100944,-2.9937010803194495
numHidden 	5
numGenes 	48
minGene 	-3.0
maxGene 	3.0
popSize 	160
tSize 	20
uniformProb 	0.5
numPoints 	3
numReplacements 	40
rtSize 	20
maxEvaluations 	20000
mutateRate 	0.01
mutateChange 	0.05
numTests 	10
seed 	1523949318761
random 	java.util.Random@677327b6
neuralNetworkClass 	class coursework.ExampleEvolutionaryAlgorithm
Training Set Training
Fitness 0.5960564249436374