-0.8826314339689008,-0.900845003797778,-3.2217893933814628,-2.461788628428416,-2.915450063962555,1.3887538444837284,-2.111979116151076,-2.4144623458585395,-2.2646134589309748,2.298092183890235,-1.6505347816371347,-0.7506619331524806,2.374923764549279,2.8707895968609485,2.0385610170059154,1.3305229340173659,1.6407790082574292,1.2441890194184233,-2.7752027799265417,-0.4183484815082234,3.248328117678506,-2.7052514921165436,2.76321046082803,1.4163888626131953,2.4649358851848238,-1.362379920029759,-1.9021019087151492,0.3461154452226646,-0.7459118063845023,1.3141450096266836,-1.9378398236558039,-1.467302571228979,-0.6216701714082715,2.445915479887219,3.3272596960696745,1.3600840958127103,-2.314541521177751,1.6664737856610592,-2.193911613042625,0.6285833830927929,-1.87452795087722,3.2116431334502824,-1.6901789470865887,2.2143293649086724,-3.1436853491860877,2.6069057358636094,0.7849400438435237,0.11263064304058316
numHidden 	5
numGenes 	48
minGene 	-3.0
maxGene 	3.0
popSize 	80
tSize 	20
uniformProb 	0.5
numPoints 	3
numReplacements 	40
rtSize 	20
maxEvaluations 	20000
mutateRate 	0.01
mutateChange 	0.05
numTests 	10
seed 	1523958793075
random 	java.util.Random@677327b6
neuralNetworkClass 	class coursework.ExampleEvolutionaryAlgorithm
Training Set Training
Fitness 0.5471187083749081