-0.6571334002339888,2.506851830419725,-0.3764128315924509,-2.0755285659417013,2.1838454212484475,0.4783343878608724,-2.4852374519014857,0.2293203149388235,-0.5785411256793207,-1.2883292938339366,-1.6183175391637763,-2.326619324521833,-1.3368172468876085,-2.9669555760321713,3.556287083342932,-1.9827252809988793,-1.6525670438079503,-0.24483996920411522,1.8111924030792683,0.9680577881921157,2.1837806937381146,-3.222612990508396,1.6700837469694776,0.6517856466010217,-2.0824587261399548,-2.061429764426867,-1.7787895389139916,0.0021915156923586893,1.981173420691334,3.0223462134456254,0.11106983741696229,2.7534031405582926,-1.8413984123854508,0.3503543159839803,-1.5722103620319794,-1.671078479995165,-2.0602570159775286,-1.4282212340426717,-0.6963604895520127,-1.7391158854817839,0.5311940469500854,2.168201012643028,-0.7264735742183321,2.1029290830800234,0.26520338938107024,1.5907937860012789,0.32124565752405165,1.3667766291562697
numHidden 	5
numGenes 	48
minGene 	-3.0
maxGene 	3.0
popSize 	80
tSize 	20
uniformProb 	0.5
numPoints 	3
numReplacements 	40
rtSize 	20
maxEvaluations 	20000
mutateRate 	0.01
mutateChange 	0.05
numTests 	10
seed 	1523958793075
random 	java.util.Random@677327b6
neuralNetworkClass 	class coursework.ExampleEvolutionaryAlgorithm
Training Set Training
Fitness 0.49695233005881423