-1.517927190947205,2.5236230182085713,0.381387793734653,2.4067596480651607,2.637942313484527,2.1878364196928786,3.5245383904391687,-2.370463562919497,-0.9858752656310541,-2.1808459899416612,3.0377547649125196,0.5124578864826134,-1.7790141459991948,1.6859386288934783,-2.0226340646001097,2.2869768252457017,-0.8770486443659371,0.94918867061705,-2.748682868941607,0.6274720921868985,-1.6761552860007407,-1.8369246837193893,-1.0214148348899623,-1.4339342214268032,1.3297947043359075,-2.552603853327433,0.20017831310527645,-2.36445009959889,1.5735858603478292,2.7575152062571053,2.145716650785972,-2.5716995240977663,-0.40356291875940686,1.1988495368835896,-2.384559856073384,-2.2257067031188473,2.182800777855495,-2.108055190149141,2.180857171286173,3.0440653263443087,1.1808857727218849,1.7906657332129197,2.53810271323663,-1.427292058565376,1.4662154595282126,0.5400137956319242,-0.2335652243461918,-2.8712969602011373
numHidden 	5
numGenes 	48
minGene 	-3.0
maxGene 	3.0
popSize 	80
tSize 	20
uniformProb 	0.5
numPoints 	3
numReplacements 	40
rtSize 	20
maxEvaluations 	20000
mutateRate 	0.01
mutateChange 	0.05
numTests 	10
seed 	1523958793075
random 	java.util.Random@677327b6
neuralNetworkClass 	class coursework.ExampleEvolutionaryAlgorithm
Training Set Training
Fitness 0.3601538765305531