-1.846389055767153,1.2582382605117493,0.324437654724624,1.1871777768066456,-1.5080636723957426,2.98814180843115,2.0322796539284207,1.2074431729171746,0.9530869207509942,-3.4021132720767393,3.03499508000725,-1.5013385053277062,-1.1812495566223644,0.1926981396328331,0.8021490730628842,-1.027682922438552,0.042260772296964094,-0.15294182434842085,-0.8139643779747663,2.5067045665366745,0.2527917533835992,1.605723829625902,-1.7398769001073124,2.5294633643115754,-2.2158571170613826,2.572981943316006,-1.891912985285469,1.4646856561655237,-0.6586622561797464,0.5720130191696946,2.2537983031646975,-1.5229452078628376,2.806926557703731,2.0167843472083353,1.9800581502558596,0.27477237923832903,-1.7349424453418454,-2.013063427201818,1.3787914136147494,-1.300175935664584,-0.6649475677687074,0.33168007837045665,1.3078325883645017,1.938433911651333,0.05739425342498719,-0.9982415308952195,1.899361584293871,-0.1236465725031138
numHidden 	5
numGenes 	48
minGene 	-3.0
maxGene 	3.0
popSize 	80
tSize 	20
uniformProb 	0.5
numPoints 	3
numReplacements 	40
rtSize 	20
maxEvaluations 	20000
mutateRate 	0.01
mutateChange 	0.05
numTests 	10
seed 	1523958793075
random 	java.util.Random@677327b6
neuralNetworkClass 	class coursework.ExampleEvolutionaryAlgorithm
Training Set Training
Fitness 0.6319828760030971