2.1802436122238382,1.2026841825377852,-0.6643527711494499,-0.40179735767416175,3.0875037397062313,-0.6248471640726625,-0.9646461613613497,3.0898026024584366,-0.04667412660894768,-0.027796807716715055,-1.2796029626876593,-1.1877434799095732,0.18786601198677566,-0.42038094384605706,2.282968252306719,-2.3254394627780877,-0.22911098255368756,-1.4790167803776175,1.0849888960405139,0.8088965797357754,-0.2791658242860718,-0.40989550267006625,0.9513548568611139,-1.5102077692583296,-1.9703829853715857,-0.7260276243690609,2.717534220678173,0.5079610531136405,-2.9776637498158403,-2.7024272150811743,2.5904915611330166,2.9596516396059283,-2.452461258221425,-1.2972379036040589,0.27214653254237625,-3.0130577945207517,-0.6123241487525521,0.6917525405765346,-0.9776946437107032,-0.7834725251046009,1.0508747622335832,2.9216219310776816,-1.0967573586902626,2.7441533556394537,1.7641280985876289,2.2796219762207404,-2.599158717447826,-2.65103549663388
numHidden 	5
numGenes 	48
minGene 	-3.0
maxGene 	3.0
popSize 	80
tSize 	20
uniformProb 	0.5
numPoints 	3
numReplacements 	40
rtSize 	20
maxEvaluations 	20000
mutateRate 	0.01
mutateChange 	0.05
numTests 	10
seed 	1523958793075
random 	java.util.Random@677327b6
neuralNetworkClass 	class coursework.ExampleEvolutionaryAlgorithm
Training Set Training
Fitness 0.6277074417112551