-3.107444621648999,1.8067110505217945,-2.3316506591455646,-0.8115489001898839,0.6516087854984405,-1.1683999918016712,-1.1789647813194435,2.458288220091476,1.3527104191506105,-0.6090559110049116,-2.7979552043305596,2.2692752361194755,-0.7585293885887261,-1.6617931013056186,1.004017314361515,1.822500249062176,-1.5023748137421609,-0.3670078646315493,-1.1505619028907006,2.130726370666154,-0.9557769193952086,-0.551059594623285,-1.2889008202037646,1.7729075667555712,-1.2937120416886028,-1.7182547029442528,0.8487292771390356,2.0359748017675754,-2.4540078585630996,-0.3349125471611256,-3.15042912553856,0.4796222081324702,-1.3552560992330671,1.3550230821973759,0.3477976365657873,-0.5936897340876603,-1.5665586706970294,1.3835945690634233,0.022267904137455427,-0.7473195140243849,0.6905120761246224,-0.4398324711904621,0.834227796376392,2.3400685204306804,-0.8667845655674999,-3.1857690627526933,-2.333822278282753,-2.719218275532956
numHidden 	5
numGenes 	48
minGene 	-3.0
maxGene 	3.0
popSize 	80
tSize 	20
uniformProb 	0.5
numPoints 	3
numReplacements 	40
rtSize 	20
maxEvaluations 	20000
mutateRate 	0.01
mutateChange 	0.05
numTests 	10
seed 	1523958793075
random 	java.util.Random@677327b6
neuralNetworkClass 	class coursework.ExampleEvolutionaryAlgorithm
Training Set Training
Fitness 0.5455355683154961