-0.8883927445305679,-1.69977216971728,0.42424507145446855,-2.2271444001204204,-0.3727831178937134,2.6462865333696977,-2.7234992499259665,-0.059074884342960904,-2.156222574985742,2.4461336442469555,-2.3096901616547356,-0.294656041449444,1.5677706451025155,2.8785474184020066,1.4400139965027885,-2.418626294602221,0.23028751772152967,0.4394685267328813,-3.249241108631665,0.6202340981705292,-0.3833584417589226,-2.21573692042462,1.3055833050845764,1.7277678431535197,0.832999954423855,-1.0744671884042356,-3.0168995107003056,-3.0893087106171127,1.5896605348448307,1.540999454707161,-0.5549534377992916,2.868045985404242,1.2942724024742553,2.681540013383829,2.6753927263532846,0.4497625833719271,2.549470726226918,2.8924954352023686,-1.207359976044308,-0.9539547218637361,-0.3119332066012815,-1.378078311704594,-2.285664724098025,0.30058291973053153,-1.7948902226067958,1.237500142509902,-2.402225303852809,0.5573881866674133
numHidden 	5
numGenes 	48
minGene 	-3.0
maxGene 	3.0
popSize 	80
tSize 	20
uniformProb 	0.5
numPoints 	3
numReplacements 	40
rtSize 	20
maxEvaluations 	20000
mutateRate 	0.01
mutateChange 	0.05
numTests 	10
seed 	1523958793075
random 	java.util.Random@677327b6
neuralNetworkClass 	class coursework.ExampleEvolutionaryAlgorithm
Training Set Training
Fitness 0.5406436646450079