-0.6962818031210727,-1.4337639189520646,-3.2635616294053316,-0.6508890832423071,0.86011903257426,-2.3626626461547047,2.0633661033203032,-1.895502558753955,-0.09994865396632326,-2.034217302482488,-0.08399314318589139,-1.918869314766801,2.1986717634455877,-1.3091319912968424,2.3253730563402852,2.921237427907897,0.660984534757687,1.6970383865160201,2.2775294814763223,-1.1049706303006874,1.1661578047208083,-1.3091151123535754,0.1338984040713509,2.9892953231211195,-0.9095614456105836,0.4449202880069886,-2.430510472150798,0.763767493858138,-1.1506717018297112,-0.7286448949183697,-2.0390742848603933,0.4156317994460723,-1.0585213469395274,1.7277656111446362,1.9666850002109466,2.199971074501999,-0.4439387006180896,2.882717834457841,2.4900255303486176,0.6988553978695666,2.822163755347117,1.383083636475332,1.600605885011806,-2.9357878522038945,-2.466936437206054,3.0159555268818954,0.9638603988402175,1.42953262096248
numHidden 	5
numGenes 	48
minGene 	-3.0
maxGene 	3.0
popSize 	80
tSize 	20
uniformProb 	0.5
numPoints 	3
numReplacements 	40
rtSize 	20
maxEvaluations 	20000
mutateRate 	0.01
mutateChange 	0.05
numTests 	10
seed 	1523958793075
random 	java.util.Random@677327b6
neuralNetworkClass 	class coursework.ExampleEvolutionaryAlgorithm
Training Set Training
Fitness 0.525830518183739