-2.2077964779192794,2.9377387823064796,-2.551343900977775,2.974862771272184,-0.5502529897611892,-1.1863327425727173,-2.7583247856357285,0.49369247540735023,1.7131810501628104,1.7651719352010082,2.0124312032020955,2.949302874962253,-0.3171142310626193,1.1453115306148187,3.071940029295562,0.6473644144204453,1.8405503689467948,0.4937850092537696,0.3299534513600182,-0.06547659931801889,-1.4649050921776794,1.2418758296524854,-1.200652364786118,-1.6807074655225638,1.831132535940475,2.792742823086158,-1.306483105551031,0.9512391675825106,-0.3301328688776184,-1.6657320037200665,2.143029856920302,-0.015760697290832917,0.9169198266794658,-1.824336555098666,0.17616407669883877,-0.42269803504305437,2.033698895860952,0.32051778043810564,-3.1862033809370836,-1.6482988906831195,-2.8414728869231825,-1.6020490387790918,-1.1275156070045587,1.7258865887902335,1.520857057957563,1.4200300701492035,0.6004302567817104,-0.3101174819363721
numHidden 	5
numGenes 	48
minGene 	-3.0
maxGene 	3.0
popSize 	80
tSize 	20
uniformProb 	0.5
numPoints 	3
numReplacements 	40
rtSize 	20
maxEvaluations 	20000
mutateRate 	0.01
mutateChange 	0.05
numTests 	10
seed 	1523958793075
random 	java.util.Random@677327b6
neuralNetworkClass 	class coursework.ExampleEvolutionaryAlgorithm
Training Set Training
Fitness 0.3541218161989883