2.5916052996115884,3.3905829352830885,-3.2840862319334088,-0.5342423061209863,-0.056021276366857886,-1.884379491096489,-0.06652399310695994,0.06879859256555468,-1.9474360446570826,-2.549833642155207,-0.8850503887224328,1.6824235057224588,0.16709464012461997,1.6538219698840306,0.3256795664007974,-0.4631822644628523,-0.6091205631312233,-1.4465630134619358,0.9668268876058532,1.2129854895655328,-1.4095867429119608,2.078815497469993,1.4075775164029487,-2.1956393015078115,0.5155249352117828,-2.515505047251905,-0.9483123585476212,-1.2148841607357117,-1.6837645983789304,1.6991394993296856,1.4438714125055496,-1.1430189086883709,-2.7594610726398594,-1.010992530933116,-0.5116687191948128,-0.03994010148464444,-1.8671271629038573,-2.2456190042454995,1.2060333132225998,-3.0157016566560158,-1.173915090423614,-0.6022398216191034,-3.3008799694976476,2.3569391324856612,-0.6197444440307897,-0.43994717881833545,-0.6298427278078595,-0.29253954489674855
numHidden 	5
numGenes 	48
minGene 	-3.0
maxGene 	3.0
popSize 	80
tSize 	20
uniformProb 	0.5
numPoints 	3
numReplacements 	40
rtSize 	20
maxEvaluations 	20000
mutateRate 	0.01
mutateChange 	0.05
numTests 	10
seed 	1523958793075
random 	java.util.Random@677327b6
neuralNetworkClass 	class coursework.ExampleEvolutionaryAlgorithm
Training Set Training
Fitness 0.6161931228022383