-2.1437632599175744,-2.4647320390912766,1.4104658572662634,2.901219319078397,0.12993007406756743,1.7278230578659488,0.056959496707900625,2.061540633909198,0.2200590511555282,2.307651433807184,-1.585976865617244,2.816877786326023,-2.2302639161191706,1.0495597335644333,0.10569828329200658,0.6993154988955673,-2.2788331861265623,-1.8182757549160122,2.9868488831578075,3.1654848440125454,1.9957580512260946,-2.651968690513426,0.005302673781842862,-2.6722239988892453,1.1018514438967455,-2.107208778163942,-2.66041436737122,2.1913909159776077,-1.346189743969805,-2.0969815041695035,-3.698748773053893,-0.9638617523431297,1.1311106458570686,0.7102689503844029,-3.145522963572143,1.4174218933290872,0.538506902833064,0.9083189590594793,-1.193225117464068,1.9839213446564796,2.4482678761361063,1.2347706430102459,-1.0866683199023202,-0.529992313189295,-3.1871048373375146,1.4939652976694753,-1.986331048530461,1.468984991906912
numHidden 	5
numGenes 	48
minGene 	-3.0
maxGene 	3.0
popSize 	80
tSize 	20
uniformProb 	0.5
numPoints 	3
numReplacements 	40
rtSize 	20
maxEvaluations 	20000
mutateRate 	0.01
mutateChange 	0.05
numTests 	10
seed 	1523952087442
random 	java.util.Random@4554617c
neuralNetworkClass 	class coursework.ExampleEvolutionaryAlgorithm
Training Set Training
Fitness 0.23495910841820422