-0.048085182870243215,1.0955714927641176,3.1234771241594217,2.4382785261910627,2.3991146312438545,-0.012367678417890174,0.79989761359637,1.9670201021879368,-3.128518952594711,2.245529041310485,-0.8052419263066761,-1.0701951470071662,1.3423599383505211,-0.9068840298392749,-0.09753063624950535,-0.28530108748136845,2.2607838977579897,1.9937253903172711,-0.1328041642173437,1.1511023600480106,-1.3157546984227275,-1.9335012427611198,1.631731311329417,0.5890014826170044,1.5619088291946832,2.0728448285623338,1.2220622460717605,3.433741927067194,2.2792862056424337,0.8991826674302215,-2.516867823773887,1.8341610496202319,-2.343744493846884,1.2523644754339045,1.9059330388407063,1.7559039288162335,1.5086651702865097,1.6119069389956673,1.4481570280741796,-1.6067700978288504,1.5396270406453605,-1.9016071772870173,1.9502518510484055,0.8816048633064484,0.5199555682715475,1.320140847859131,-0.6641675988774087,0.9198521060779101
numHidden 	5
numGenes 	48
minGene 	-3.0
maxGene 	3.0
popSize 	80
tSize 	20
uniformProb 	0.5
numPoints 	3
numReplacements 	40
rtSize 	20
maxEvaluations 	20000
mutateRate 	0.01
mutateChange 	0.05
numTests 	10
seed 	1523952087442
random 	java.util.Random@4554617c
neuralNetworkClass 	class coursework.ExampleEvolutionaryAlgorithm
Training Set Training
Fitness 0.1155471995611768