-1.1655141314364217,1.6092011541278417,-1.671784216497548,1.6754325758613193,0.5320554569946254,0.3314560743685946,-1.6472272939971893,3.01367268015509,-2.437257046220477,-2.4805061352923445,1.7242243213051511,1.374632394424058,1.497524584028132,0.9324195150418124,-0.6876476292658256,1.722932905321773,2.098808456873935,-0.39472102849315954,-3.0146399466022564,0.09061493565549998,-1.018388442607757,-0.6383376776474354,-1.826647127311043,0.8255337299104182,1.8095883127830665,2.2534037675800986,-0.35687291808235255,-1.0706086366214294,3.028728782139421,0.44220872542085005,-2.1396700818223575,-2.209328324316065,2.409907030088635,0.5657756107139871,-1.4728358817953913,0.9392175332606589,0.627317673333768,1.0462098859803821,-2.416586092384671,-0.3418126804979842,1.9931987140406788,-0.09873145133081511,2.895686302355407,1.2855991666836117,-2.4999023387930417,2.959201031856491,-0.3156352331604002,-1.6283354915594899
numHidden 	5
numGenes 	48
minGene 	-3.0
maxGene 	3.0
popSize 	80
tSize 	20
uniformProb 	0.5
numPoints 	3
numReplacements 	40
rtSize 	20
maxEvaluations 	20000
mutateRate 	0.01
mutateChange 	0.05
numTests 	10
seed 	1523952087442
random 	java.util.Random@4554617c
neuralNetworkClass 	class coursework.ExampleEvolutionaryAlgorithm
Training Set Training
Fitness 0.12081631646976501