-0.7223094928211906,0.33558342781612027,-0.4822196282997258,2.1043004027895007,-0.3627529934949613,2.1688122024549257,2.5290181122799167,0.9334896175025429,1.142715133010464,1.7447753048365802,0.48772492569242726,-0.5876873598929191,1.832413861235299,1.5115126240640193,-0.15135120543479635,-1.7070530356324138,2.1112876597017562,2.5471844719444166,-3.033867087769295,2.6345869807646576,-1.5733849955992631,-2.0528654354792026,-1.9574419731442616,1.1262957077057936,-0.7591347341670551,-0.23622419125800143,-1.1512675186322152,1.050903737131302,0.04964273752015394,1.8514350243669917,0.009283177201349677,1.929399536801983,-2.045236976643771,1.5897761874207483,-2.5980359581614936,-2.3995164484910587,-2.5978826462057527,0.7684088950437644,-0.18684824635553615,1.7426974317433686,0.9810911697940214,1.9117700452674886,-0.12733751676145044,0.036772114274508466,2.2069110118118243,0.15735257031152833,-0.7906177552536376,-1.5564267641027552
numHidden 	5
numGenes 	48
minGene 	-3.0
maxGene 	3.0
popSize 	80
tSize 	20
uniformProb 	0.5
numPoints 	3
numReplacements 	40
rtSize 	20
maxEvaluations 	20000
mutateRate 	0.01
mutateChange 	0.05
numTests 	10
seed 	1523952087442
random 	java.util.Random@4554617c
neuralNetworkClass 	class coursework.ExampleEvolutionaryAlgorithm
Training Set Training
Fitness 0.3721057116399391