1.5797591190284137,-2.643209861612478,0.49917725434160715,1.9110965542663696,-0.8011707999763715,2.3730651262354785,-0.8808002710356932,-1.923636569021712,-0.516185004960447,2.8455206809042037,-3.026037599994354,-2.5861424604998873,3.2573039487277065,-0.816061997567026,2.653031329640516,3.33032498886592,0.6477344179080138,0.9198327870060896,1.1531728750661807,-0.43686006468376337,0.9036171525237324,0.43191488899294206,-0.9458918490746069,2.839615083508397,1.8333580245398489,-1.0022798658899514,-0.6087033070623908,0.02195151478687031,-1.4795266336950004,2.5683732055538746,-0.22465164162109502,-0.8357208914573533,0.8604761279951226,-1.8056967992357995,-2.5021060773390356,-0.1671512326014295,1.3496923602410797,-1.6519103804500632,0.8414804039111825,0.9525493590705252,1.477756415736948,-1.3035220930445823,-0.7237076906055684,-2.407469974772586,0.48451150350912364,1.31696272627998,2.929231619598365,-0.6591836961808479
numHidden 	5
numGenes 	48
minGene 	-3.0
maxGene 	3.0
popSize 	80
tSize 	20
uniformProb 	0.5
numPoints 	3
numReplacements 	40
rtSize 	20
maxEvaluations 	20000
mutateRate 	0.01
mutateChange 	0.05
numTests 	10
seed 	1523952087442
random 	java.util.Random@4554617c
neuralNetworkClass 	class coursework.ExampleEvolutionaryAlgorithm
Training Set Training
Fitness 0.10533081197638093