1.2157337212762356,2.126662958627869,3.1118690387314887,2.499521610593024,1.722063338222017,-0.7709915657154893,-2.122148729408532,1.287163460235895,-0.10483694791879743,2.51506249932479,2.4717346105840052,-0.01984048083068153,-1.8275904481959766,-3.3707949812668967,-0.5169735173531347,1.5834724616431632,-0.8175691982993244,0.7979683784264723,0.3904256146594718,-2.4412506857959215,-0.7157141147211596,-0.9810772696223593,-0.33132309307009744,1.4145903524308554,-1.4919708597670207,-1.0591010173655198,-0.5949931655045467,-0.8667851102933011,2.4457698932512786,1.1107287270501158,0.08811737740520019,-1.3352361980641336,2.291942962751856,-0.07932853209582867,-1.1239259388512994,3.273209952345055,0.5686196552080738,-0.612820052256354,-2.319717814569811,1.3580818980872524,1.8962958185381187,0.575639172479551,-0.17889420355405766,1.1539442693573545,-0.5172969052682026,2.107201144426476,1.1665426606113476,1.47480838922894
numHidden 	5
numGenes 	48
minGene 	-3.0
maxGene 	3.0
popSize 	80
tSize 	20
uniformProb 	0.5
numPoints 	3
numReplacements 	40
rtSize 	20
maxEvaluations 	20000
mutateRate 	0.01
mutateChange 	0.05
numTests 	10
seed 	1523952087442
random 	java.util.Random@4554617c
neuralNetworkClass 	class coursework.ExampleEvolutionaryAlgorithm
Training Set Training
Fitness 0.2682039054971905