1.7868551225797746,-1.9472762721230108,-2.2183138642312876,0.9856948139160144,-0.8358023039817015,1.2194934590899402,-2.078007007921185,-0.03320680375414148,-2.416793356626693,1.2131278476601368,-2.023931541364295,-1.8510534489791872,-0.7683892988440979,1.2415459294783462,1.5208354606945411,-1.344623585360898,-0.47877261807744925,-0.9593140720620057,-3.0330009736845565,0.8823587540011328,1.6290625416827362,-2.618832858423487,0.7893536004932988,1.995287877463331,-1.6665377064811404,2.086382732155384,3.0179818732517107,-3.103898842937589,-0.3742776661109459,2.748582181202347,1.8228979928816873,1.224209812750207,-0.28376270158220845,-1.0599499011203626,1.7321156207645836,0.682379552465239,-1.469561037577356,-1.5854629170884782,0.8680398868713897,-1.2042003696972599,-2.9465513261289953,-2.520358894167741,-1.2804952897268826,-2.783122074542705,0.7335370410034449,1.5438879564530512,2.5366994911442022,-0.01990508962592001
numHidden 	5
numGenes 	48
minGene 	-3.0
maxGene 	3.0
popSize 	80
tSize 	20
uniformProb 	0.5
numPoints 	3
numReplacements 	40
rtSize 	20
maxEvaluations 	20000
mutateRate 	0.01
mutateChange 	0.05
numTests 	10
seed 	1523952087442
random 	java.util.Random@4554617c
neuralNetworkClass 	class coursework.ExampleEvolutionaryAlgorithm
Training Set Training
Fitness 0.11588658629444801