0.6364822354755746,1.5398527487457674,-1.5346826894623002,-1.580558454318827,2.801778603599276,-1.1104833261146052,1.7362366100184436,0.05258540154736263,2.450375323279691,1.3705726206992777,-0.10769560577758107,-1.3139328542213646,1.630337050954435,-1.293732000225979,2.96376176536024,-1.4158083914495383,1.6468524500243362,-0.5060142687821014,0.12149186925286125,2.5736192414161243,-1.83533556690208,0.5561888261522185,-1.1309954970749934,1.156800569229877,1.885614187316068,1.2203330538298724,-2.264714481264107,0.030080449896454614,0.6726246899056016,0.060694929152363325,2.8716720009335965,1.982193784467247,-0.6855027887777099,0.6049840598963729,-1.4522869897916786,2.787543097379084,1.9364389885573732,0.5660294038934299,2.120270468637332,1.8848229087470012,-0.040711100952454865,-2.3462476835477455,2.5669123756970906,0.8452269280670759,-0.8040451578993797,-0.6449396787243021,1.4789476977081772,-0.6643548804829301
numHidden 	5
numGenes 	48
minGene 	-3.0
maxGene 	3.0
popSize 	80
tSize 	20
uniformProb 	0.5
numPoints 	3
numReplacements 	40
rtSize 	20
maxEvaluations 	20000
mutateRate 	0.01
mutateChange 	0.05
numTests 	10
seed 	1523952087442
random 	java.util.Random@4554617c
neuralNetworkClass 	class coursework.ExampleEvolutionaryAlgorithm
Training Set Training
Fitness 0.28051438043720606