1.585042278815588,-2.9570749754453267,3.042644620200134,1.329626684724751,3.6743090200153565,3.279137944121792,0.4411338855280644,0.02472776424429586,-2.3685073873595375,0.8553142467955561,-0.5745902501786551,0.8085208857642794,-1.2739955079054563,1.4062232672334032,-1.511735655655627,-0.6572571841510759,0.7153707617132088,-2.6418419095900356,1.256745178284945,-2.0410841443483116,-2.0798315150160382,2.159637780359558,-2.8632669893623404,-2.3678924143792592,1.1197350551438559,0.8719769069649663,-0.5415877695340785,-2.5633753079094888,2.149888005018987,0.06844453499930306,1.6068041310747372,-2.0600258443059016,-2.0633708741930463,-1.0721639244621277,0.11801166160033881,2.2722895678332544,-0.1099645621511993,-0.017101748747387333,1.6058152143110798,0.3767737552506138,-3.1397165337116237,-1.1038481798046793,-2.1952632599107442,-1.347426593009419,-1.9270233429124155,3.2352687540350127,3.0246799061462566,2.294857521991822
numHidden 	5
numGenes 	48
minGene 	-3.0
maxGene 	3.0
popSize 	80
tSize 	20
uniformProb 	0.5
numPoints 	3
numReplacements 	40
rtSize 	20
maxEvaluations 	20000
mutateRate 	0.01
mutateChange 	0.05
numTests 	10
seed 	1523952087442
random 	java.util.Random@4554617c
neuralNetworkClass 	class coursework.ExampleEvolutionaryAlgorithm
Training Set Training
Fitness 0.19694211803293832