2.07227420930814,-1.6260280626421886,0.2544546714517484,0.17596588962251297,1.5092782761451273,-1.8037950145874033,-2.244120940105122,-0.8566183394025855,-1.4085127308687162,2.3063536985120257,-1.833922275323654,-0.5539604994836996,2.540831004119746,2.1618211034811248,-1.472781392187153,1.6812542026934327,-1.9519862416064229,-0.6540009706058465,2.8401805005428917,-1.1351898518006323,3.3351300435155764,1.413263435464717,2.250746187034256,1.2105003190195407,1.4021021232567787,0.4702666636917546,1.4679027583068092,2.875252835096159,1.765130481033151,-3.62767791910281,0.10661925405425123,-0.11248956566606043,-0.3894160615052728,1.3632901907719728,0.6064580542071337,-2.5301174836429547,1.6404859384015715,-1.6755223834830248,-2.876143024189619,1.7479558352358096,0.7259950650455929,-0.3273243026818966,-2.1200912349447587,-2.9444971850562767,2.413004451552877,-1.1404277398471718,0.6669429560985245,2.1521893773974234
numHidden 	5
numGenes 	48
minGene 	-3.0
maxGene 	3.0
popSize 	80
tSize 	20
uniformProb 	0.5
numPoints 	3
numReplacements 	40
rtSize 	20
maxEvaluations 	20000
mutateRate 	0.01
mutateChange 	0.05
numTests 	10
seed 	1523952087442
random 	java.util.Random@4554617c
neuralNetworkClass 	class coursework.ExampleEvolutionaryAlgorithm
Training Set Training
Fitness 0.28910244875720886