-2.0510169602813892,-2.211654818319113,0.37190743733592674,0.4862963383124576,-1.681130852457527,-2.895637390992455,1.1012685462435992,2.1897253345915573,-0.7391957861927225,-0.3232442521408361,-0.730931815090168,0.8143067180542756,1.548624055605756,0.2091243337899803,1.115429007122666,2.06202698205243,0.8081127235384129,0.6413855741757839,-0.6591761714557796,2.3757398733625,0.7130136256805004,2.045885185361348,-2.4296790103387984,2.527020031312606,0.9930794794889917,-0.7471454437077514,-2.580954928170189,-0.3060233713652842,-2.720317403643299,-2.970924981431735,2.1084012355828663,0.9253487928723252,2.796935376678351,1.7879124395667512,1.9337848740109078,1.260258009924308,3.1761876910429363,-2.6993191330843356,-1.1268333063232596,1.93353587740097,2.1791934302963787,1.158589981110806,0.4021190893359382,-0.5554067629425206,0.06015566818374654,-0.6486711792383248,-1.1554826112843577,1.0033449387465878
numHidden 	5
numGenes 	48
minGene 	-3.0
maxGene 	3.0
popSize 	160
tSize 	20
uniformProb 	0.5
numPoints 	3
numReplacements 	40
rtSize 	20
maxEvaluations 	20000
mutateRate 	0.01
mutateChange 	0.05
numTests 	10
seed 	1523951044733
random 	java.util.Random@4554617c
neuralNetworkClass 	class coursework.ExampleEvolutionaryAlgorithm
Training Set Training
Fitness 0.5650869578564354