-2.3135183966081385,-2.58493495346719,2.525022742365876,-2.4525464003015265,-0.9875986137055013,-0.9898116619173032,1.765918883142816,0.30194820690573865,-1.9847095475094798,1.0247298072627387,0.7558853666694065,0.6925352241726539,-1.8686415291686311,1.02905807312497,0.3581384966095377,-0.9228490284018382,-1.4900236265095912,-2.621291467449714,-0.32759793859962716,-1.3221756899228376,2.0353664654088277,-2.7570862474479556,2.1421386479619424,1.7789201920456519,0.42208328312035925,0.13647426854381517,1.8163287370158523,2.5924402862372666,-2.7355507889183244,0.19089648742147708,-1.5432981924920153,0.8042329380755961,-2.3865320172746882,-3.046542843769954,0.2684352959242114,3.1614551852309587,-1.2144021205229623,-0.7569128081307828,0.3569455357908315,-0.5043926089896974,-1.773873249700219,-2.3802952960175805,0.6755047501529355,2.1469501582849198,-1.7442500434880686,-2.1111399965339324,2.278027550149867,-2.18490398017299
numHidden 	5
numGenes 	48
minGene 	-3.0
maxGene 	3.0
popSize 	160
tSize 	20
uniformProb 	0.5
numPoints 	3
numReplacements 	40
rtSize 	20
maxEvaluations 	20000
mutateRate 	0.01
mutateChange 	0.05
numTests 	10
seed 	1523951044733
random 	java.util.Random@4554617c
neuralNetworkClass 	class coursework.ExampleEvolutionaryAlgorithm
Training Set Training
Fitness 0.6203219141978551