-0.06028193966897358,2.3126961417060103,0.42868160957585544,-0.7862551683386063,-2.6399174104558494,1.031883678382153,-2.333076941882301,0.4377174851709501,1.2392096648169808,0.24080893551341748,-0.12240765718441297,2.53658882571513,1.3635557020415456,0.32446698866780915,1.4417171385556649,2.6053370615665585,-2.8011258167426085,0.8792276549652158,-0.25446328732981577,-0.025370515512129127,-0.8228655732293961,2.6777585042114618,-1.4239718766377745,-3.035820272021784,0.667718548358393,-2.3179465230095264,1.6648638242580187,1.3547598702899393,-2.3857705479529017,1.8135361113238904,0.3916280146982258,0.6345189664428706,2.2491072646604096,2.179448196677032,2.5317286848109353,2.409245025019965,1.066606472654044,1.0324607919551105,-1.6534488321489187,-1.8623092770646585,-1.1594517905863737,0.9556855398766231,1.5630101695804839,1.862067582681638,-0.7833793208627293,-2.682005129032664,1.4267648841467828,3.150298653567271
numHidden 	5
numGenes 	48
minGene 	-3.0
maxGene 	3.0
popSize 	160
tSize 	20
uniformProb 	0.5
numPoints 	3
numReplacements 	40
rtSize 	20
maxEvaluations 	20000
mutateRate 	0.01
mutateChange 	0.05
numTests 	10
seed 	1523951044733
random 	java.util.Random@4554617c
neuralNetworkClass 	class coursework.ExampleEvolutionaryAlgorithm
Training Set Training
Fitness 0.3721057116399391