1.355564103979772,-0.03722295473523604,0.13026830338876466,-1.612044211160039,-0.8654850510982295,2.450361040489116,-2.143603247165526,-3.276201005167228,1.7754478145236925,-0.8165504148860006,0.17912747864000683,0.08702291015082085,1.0754454501618314,-0.2172858780770482,2.539786293743017,-1.4274169325063437,0.8754895969834087,0.34755517875520736,1.062631873730471,-1.7583525765021617,2.003285869945887,-1.839331659706355,-0.3513999898284652,1.225699601200533,3.186394261978821,3.104074848775089,-0.1805999691610778,0.26898146023373776,1.6843324213112758,0.34065437919466235,2.0299694525872747,2.143585788573213,-3.1136302222086822,1.0101455584877392,-2.715913159449375,1.635186247418464,-2.092724803761249,2.0709971407461776,-1.1077546812741816,2.6485626769082975,1.9363274291657402,1.189375862642018,-0.8473202622711619,-2.7792497765500954,-1.294553414779618,-1.5659408206307626,2.7657413284748413,0.855814681585398
numHidden 	5
numGenes 	48
minGene 	-3.0
maxGene 	3.0
popSize 	160
tSize 	20
uniformProb 	0.5
numPoints 	3
numReplacements 	40
rtSize 	20
maxEvaluations 	20000
mutateRate 	0.01
mutateChange 	0.05
numTests 	10
seed 	1523951044733
random 	java.util.Random@4554617c
neuralNetworkClass 	class coursework.ExampleEvolutionaryAlgorithm
Training Set Training
Fitness 0.28910244875720886