-2.3728684965036515,3.2259996828638453,2.652189353359563,-1.7825545667028901,-1.3978987447103872,2.563300860104868,0.3655233169446392,0.24825930453867445,-0.36707621244662275,1.4402477119211492,2.07314779817892,-1.610195961614073,-1.1661656471032744,1.0080652075226428,1.3531211491652801,2.187788187163835,1.8645638151364363,-1.494057233391678,-1.444152038072785,-0.955658498354786,1.557407551250432,1.5236064891096035,0.2859755186368754,-3.2036183171440182,0.24061616267117192,3.0126904079594246,1.128896269325685,0.2720703537020857,0.4162990215345848,-2.0743005420932557,-2.63577010777417,2.043018930929475,0.8162674429356997,1.210972704551427,-2.032363379984292,-0.516729902121867,-0.238025467232783,-0.3208387259772014,1.5488035261118525,-2.973063775320385,1.5449478174467473,1.1813451337393015,1.7074259010918942,2.1347353189838447,-0.4781567612260645,-1.3989776248467156,2.2604937870785724,-2.914472083013518
numHidden 	5
numGenes 	48
minGene 	-3.0
maxGene 	3.0
popSize 	160
tSize 	20
uniformProb 	0.5
numPoints 	3
numReplacements 	40
rtSize 	20
maxEvaluations 	20000
mutateRate 	0.01
mutateChange 	0.05
numTests 	10
seed 	1523951044733
random 	java.util.Random@4554617c
neuralNetworkClass 	class coursework.ExampleEvolutionaryAlgorithm
Training Set Training
Fitness 0.5513410022242349