0.5817474838607799,0.3964699955361313,-3.1097369487558177,-2.609288075286729,-0.2536661998908884,-0.4691419900226496,-1.964823154428928,-1.203101570395841,1.7696065086925208,-0.5034011045459827,1.4667665720695269,1.3994515363117415,0.9734442033562232,-0.849341415393472,2.4449051455703366,0.6841522864590073,3.512647824898367,-0.4337322935898661,-0.2897764907572376,2.49788246333421,-0.8276987462708911,-1.6740488347773044,0.7832018265595397,-2.8474805512575,0.17366925814820716,-1.738640340316686,-1.4610706777068083,-1.5660724792142469,2.1610769717093885,0.6657685115077494,2.1422848184041916,1.6339044662935578,1.2637091575140917,2.3609705480485097,2.993526703714209,-0.7274493332809875,-0.4647576291282048,1.0936500079886968,-0.5629854130387514,-2.68436044245831,-3.179285750955182,-1.1828213112569625,-2.3239816595483376,1.866175869587747,-2.7659839432234348,-1.466857576304059,2.414305970637913,0.7214378628923146
numHidden 	5
numGenes 	48
minGene 	-3.0
maxGene 	3.0
popSize 	160
tSize 	20
uniformProb 	0.5
numPoints 	3
numReplacements 	40
rtSize 	20
maxEvaluations 	20000
mutateRate 	0.01
mutateChange 	0.05
numTests 	10
seed 	1523951044733
random 	java.util.Random@4554617c
neuralNetworkClass 	class coursework.ExampleEvolutionaryAlgorithm
Training Set Training
Fitness 0.6230668451787893