1.9099431992157387,0.06104022958732566,0.5843761757997157,-1.624293936377597,-2.548779397549753,2.8556047667723172,-0.3481944010958408,2.7820643292712983,-0.05858512080778752,2.8081053947710606,0.2549196139017987,-1.991332523339034,-2.3976188814022974,-2.1943118784673366,1.6570523056787176,2.605420473686003,1.7241432149070781,0.9287241344632975,1.3948437046133066,-1.8820460997133834,1.2460573426786639,-0.22450699847932543,0.4354328146354137,0.48166418792936977,1.1507003965142586,-0.9998127203224441,1.8328933282501065,-0.7022294080881566,-1.1706414917641983,-0.785188946608693,-2.187096403514392,1.8042654806484861,0.9400992267590365,-0.4729689693808585,-2.429497567909322,1.4698715544038985,1.5790216226369689,1.6450219700094433,0.4591405605029782,-1.2081468163014593,-1.2276154239229196,-2.573165430740783,-1.1699011768871517,-2.0312362554241865,-0.6780712283417656,-1.4642045353707234,2.5997000874946963,-1.9530568627831084
numHidden 	5
numGenes 	48
minGene 	-3.0
maxGene 	3.0
popSize 	160
tSize 	20
uniformProb 	0.5
numPoints 	3
numReplacements 	40
rtSize 	20
maxEvaluations 	20000
mutateRate 	0.01
mutateChange 	0.05
numTests 	10
seed 	1523951044733
random 	java.util.Random@4554617c
neuralNetworkClass 	class coursework.ExampleEvolutionaryAlgorithm
Training Set Training
Fitness 0.4527919541012107