-1.663071216476306,0.02966463686149509,-1.5588840765534087,0.9579306504311864,-2.8712243797399064,-2.3299627935954645,2.3860322238782476,-1.7874509008456307,2.948318877476095,0.48977071005543743,-1.6809099531939424,2.482461025412136,1.8984964360043717,-2.926340098547912,0.5274562429234115,2.5242619244805953,0.32006847351199763,-2.312581890211868,2.686504133151332,1.412699528443018,-0.6172318446475064,-1.529053208093933,-1.6998639755583034,0.5753436402484979,0.9565069105446853,-2.926270893133124,0.3489855272636296,-2.5745231746127946,-0.2599385624595963,-1.01883748467882,1.5409196246202355,2.0762015149107316,-1.569468292951594,-1.0541202814208679,2.807872426746803,-0.17225736687598392,2.1102185047340534,1.7408444621931087,1.4301509229331364,-2.4335894397413664,1.6584273626597403,-1.3087602833820517,-2.4060385221223815,-1.6523265908798346,1.214064942415992,2.2199026724455777,-0.9999838972418056,-0.09272797677567331
numHidden 	5
numGenes 	48
minGene 	-3.0
maxGene 	3.0
popSize 	160
tSize 	20
uniformProb 	0.5
numPoints 	3
numReplacements 	40
rtSize 	20
maxEvaluations 	20000
mutateRate 	0.01
mutateChange 	0.05
numTests 	10
seed 	1523951044733
random 	java.util.Random@4554617c
neuralNetworkClass 	class coursework.ExampleEvolutionaryAlgorithm
Training Set Training
Fitness 0.6131240364276516