1.2068430370796728,-0.3302355811874915,-3.030799533437805,1.3350753543574434,-1.3877691727793438,-0.5441986651522341,2.8935760550983467,-2.759289103667908,-1.6532411299128027,2.3065574271050098,3.1478176021925908,1.717263215192677,0.029032978523353403,2.3347107604284556,-1.5625786643124722,-0.1153938517459313,-0.0742640434706974,-1.9777522994759502,-0.5000416992590453,-1.100573062132822,-1.0504247297191267,0.8269221721450415,1.1940345896994204,-2.3423485595022204,1.298028300326432,-2.587166405692162,3.0658819826112564,-0.664490272330481,-1.1837780099494712,-1.6506972583305952,1.5759422147134252,0.6608775167485976,0.6997056301738995,-0.3734837221031258,-1.4310235965026334,1.929582370529399,1.2727996370043868,1.6282140751283256,-1.240095684999753,1.04190282559305,-2.9643790897059943,-0.9690141253157292,-1.4662503999293897,0.5325419818701626,1.6178119834853097,-1.6834585487038192,1.5717401945796154,-2.59710033479906
numHidden 	5
numGenes 	48
minGene 	-3.0
maxGene 	3.0
popSize 	160
tSize 	20
uniformProb 	0.5
numPoints 	3
numReplacements 	40
rtSize 	20
maxEvaluations 	20000
mutateRate 	0.01
mutateChange 	0.05
numTests 	10
seed 	1523951044733
random 	java.util.Random@4554617c
neuralNetworkClass 	class coursework.ExampleEvolutionaryAlgorithm
Training Set Training
Fitness 0.6226531678663789