-1.1951233844032345,-2.1104013172183063,-3.1014315941726043,-1.8432495481950268,0.7010935742712678,1.9239730960792718,2.080245016341534,1.7854044018767123,0.12036522888648964,0.825214001572357,1.2294615552271608,2.766195801943491,2.7090917147726525,-0.8331406917451147,0.38285235011959234,2.0561575128916862,-1.6068152491290568,2.295781447720138,1.9704418995096107,0.5346306017016208,-3.2804599566328045,2.2323382222939534,1.1935739999534098,0.9609765533621173,-1.0651624564306441,-0.7025027962810981,2.134767352595447,-3.086031118997512,-0.012747829977233269,-2.753051323196331,0.09504096010231271,-1.2612227355485315,-2.7840446902470894,-0.48160214608664426,-2.647699109807985,1.622384052591614,-2.939914543508796,-2.338103438056251,-0.08007423122010664,-1.149309133755681,2.573160343833834,0.5742468536002232,-0.34226153072051535,0.7704969774516917,0.8207029020872869,0.6471813371802599,3.19809265256257,-2.6630471969312923
numHidden 	5
numGenes 	48
minGene 	-3.0
maxGene 	3.0
popSize 	160
tSize 	20
uniformProb 	0.5
numPoints 	3
numReplacements 	40
rtSize 	20
maxEvaluations 	20000
mutateRate 	0.01
mutateChange 	0.05
numTests 	10
seed 	1523951044733
random 	java.util.Random@4554617c
neuralNetworkClass 	class coursework.ExampleEvolutionaryAlgorithm
Training Set Training
Fitness 0.3689801700252423