-2.399716642021394,1.965103463787688,2.0335422723342207,0.38426835239441287,-2.4242758362718098,1.2305942120497857,2.0425322519664277,-0.6950115243485864,-0.9246708493278983,0.6489044683367364,-1.130330160180203,0.8254132961426843,-0.7067372034615218,3.120034683361739,-2.1811864558775653,-0.19931107567878853,0.6892426135949166,-1.2993328976704999,0.41110220675852244,-0.8488211143660789,-1.0927876164555272,1.834042933742848,-0.7153815874424516,-1.3526128303522946,-1.1234134898799948,-1.3186808465995814,-2.2538387563709334,1.4380168527229376,-1.199956772674614,-1.1004191147022644,-2.8972495718442905,-1.172762218847883,1.4125861269190008,0.4363657927516398,-3.2130311611285824,0.7925763866889246,-0.859500139833886,2.743538128773393,-0.8248471044135075,0.30576153988263516,-2.670417301365214,-2.530797278188114,2.6955848486439535,-1.1865817204181168,1.4808917492641318,1.3248402919445061,0.30741812340820235,-2.724783416592932
numHidden 	5
numGenes 	48
minGene 	-3.0
maxGene 	3.0
popSize 	80
tSize 	20
uniformProb 	0.5
numPoints 	3
numReplacements 	40
rtSize 	20
maxEvaluations 	20000
mutateRate 	0.01
mutateChange 	0.05
numTests 	10
seed 	1523936959305
random 	java.util.Random@2b44e73e
neuralNetworkClass 	class coursework.ExampleEvolutionaryAlgorithm
Training Set Training
Fitness 0.2683195796550128