0.5283840876849216,-0.5775343516020914,-1.6274535804664936,0.6667060978814261,-2.661367094789056,-2.9857544672246252,-1.3098692148591353,-3.34283949420552,-0.6135015614352621,2.471651447733586,0.6904064984175533,0.4275324296654599,1.7519332332409612,-1.5034271379542015,0.3473258912013273,-0.41291898181286013,-1.1378919405971524,1.1784578902834457,0.9109985486721213,-2.1838950238003845,-1.151641646238397,-0.408851300662177,-0.6470318909010842,1.7563388077070499,2.981759537444857,1.8258238390696415,-0.23943238292447527,-0.4098816692343502,-1.935735123498374,2.4002020466805813,-2.515903072997923,-2.6544380482318877,-3.377587691983603,2.3093424680431305,-0.49887998211328105,-3.0775688563445938,-1.4054438222561418,-1.8669106508137496,1.414928604880619,1.3247703435111347,2.548060158359612,-2.031089467430099,-0.8809879216373748,-2.326450114637974,0.9978912644017053,-0.1309494020324204,1.3190474456530614,0.037985038863467296
numHidden 	5
numGenes 	48
minGene 	-3.0
maxGene 	3.0
popSize 	80
tSize 	20
uniformProb 	0.5
numPoints 	3
numReplacements 	40
rtSize 	20
maxEvaluations 	20000
mutateRate 	0.01
mutateChange 	0.05
numTests 	10
seed 	1523937749458
random 	java.util.Random@677327b6
neuralNetworkClass 	class coursework.ExampleEvolutionaryAlgorithm
Training Set Training
Fitness 0.1581601578907243