-2.7456468661816475,-0.7876548710238476,2.3577023882173833,2.9477724499187064,1.8007333615867462,2.7278737841343643,1.838702244862053,1.8765819690370462,-3.4384737120408255,-0.7405959420866459,0.8216156911510887,2.1953151702787688,-1.913590051339742,-1.3959094407858712,0.8044826863603727,-3.0227338151104592,-0.8082077175932278,-1.713761302543301,1.8454137622224591,-0.29529821230693615,-1.4240058341622956,2.446017811945599,-1.5104304321931723,-0.08983191878012246,-0.27356058907294684,0.5204850458057386,0.9073421629485416,-1.6628435454504429,0.19691742045093952,-1.949736397400291,3.0316552021977845,-1.3639260932623218,0.6655771332269746,1.453589928471382,1.6619109603966609,0.7268829211423626,-1.2893277735918887,2.7329949059954437,2.0548309011361185,-2.2204261651485084,0.0705246670099596,-2.1160726550471995,-1.2900005689129979,-0.9780775230612038,2.845661711885997,0.6848412187266273,3.091911162542396,1.1429446803886139
numHidden 	5
numGenes 	48
minGene 	-3.0
maxGene 	3.0
popSize 	80
tSize 	20
uniformProb 	0.5
numPoints 	3
numReplacements 	40
rtSize 	20
maxEvaluations 	20000
mutateRate 	0.01
mutateChange 	0.05
numTests 	10
seed 	1523936959305
random 	java.util.Random@2b44e73e
neuralNetworkClass 	class coursework.ExampleEvolutionaryAlgorithm
Training Set Training
Fitness 0.15669021513393036