1.2310715392647038,-1.0558864708802327,0.13476300711663358,-0.7278400756906027,-0.884656808078498,-0.048416438934015926,3.520850602297357,-1.217720873055534,-1.4763483680532945,-2.1442466557860334,-0.06665291145414298,3.320634479472684,0.23034482365435616,0.6603397216745215,2.5399064756619474,-2.7278654862857596,1.9499002801031495,1.119094721932906,2.245851879386316,-1.9975497622845293,2.6530562609187935,-0.22564244532058408,-1.6326640939691428,2.348400527884815,-3.7162920537688784,-2.895775325234726,-2.4251438632751787,-1.7151771483301266,-2.196001970232534,-1.8034862663356677,0.9817775117333887,1.7521197688425711,-2.8639449270639252,-0.016224089229745872,-2.5432751434940264,1.548626405587472,-2.420448461887805,0.13731327298468926,-0.5305110495150442,0.7303364288932701,0.29802599363607607,1.6886893067105972,-1.675092713479993,-2.5033331105868424,1.0307629730706949,1.4145593997110344,0.26117410310853445,1.150588350097506
numHidden 	5
numGenes 	48
minGene 	-3.0
maxGene 	3.0
popSize 	80
tSize 	20
uniformProb 	0.5
numPoints 	3
numReplacements 	40
rtSize 	20
maxEvaluations 	20000
mutateRate 	0.01
mutateChange 	0.05
numTests 	10
seed 	1523937749458
random 	java.util.Random@677327b6
neuralNetworkClass 	class coursework.ExampleEvolutionaryAlgorithm
Training Set Training
Fitness 0.12810894909897685