-1.0075384776170806,1.3978359103729816,-3.4962187252455017,-0.9559682240332517,2.0267238160630425,2.030983030257625,-1.684315874477844,0.17417195000970737,0.12213225802514248,-0.9136836008963668,-1.3017434750725152,0.2929985131714258,-3.6119677017983784,1.3447177185606232,0.45888076341018796,1.7434597407785055,0.06916002550266856,0.20784175756860618,0.6667243089810889,2.088166738119101,-1.4732835739375398,2.117200270078591,-1.6515275399894838,-0.7601564573163058,2.2687880586159395,-0.28512423522150826,3.4718624137131355,1.7635013950120448,-3.324179249720454,3.1039007043688907,0.0034548665602255196,-1.0697519564910658,1.6220419445023349,2.8192020799118915,1.6898284136017447,-0.15918749190342807,-2.2571719794276195,2.3101922541088347,-0.6403595089359092,-1.0042471030291664,-2.395255418191396,-2.185466642076984,-2.174207078754879,-1.1846817048778453,-2.371498236187702,0.35564920662327615,-0.6021760116664634,1.0692228330125553
numHidden 	5
numGenes 	48
minGene 	-3.0
maxGene 	3.0
popSize 	80
tSize 	20
uniformProb 	0.5
numPoints 	3
numReplacements 	40
rtSize 	20
maxEvaluations 	20000
mutateRate 	0.01
mutateChange 	0.05
numTests 	10
seed 	1523937749458
random 	java.util.Random@677327b6
neuralNetworkClass 	class coursework.ExampleEvolutionaryAlgorithm
Training Set Training
Fitness 0.10597598509121199