-1.6830028765929528,2.5418709703463005,1.1270527694418238,1.335592298184242,1.924665759389295,0.5356329218602081,-1.076734422168201,-2.2580432047823282,-3.1943840325191903,-3.325604557987578,-1.8870711800026088,0.5964214110578607,3.2341736652417943,-2.3121835345203623,-1.4941238683947637,-0.3475269097626623,1.3762392384478976,-2.2695545241425914,2.6050813687360046,2.5732727535047655,1.2484231671485242,-1.2764933864593102,-1.5895440843486568,2.4759465590136465,2.406642369615353,-2.679823783851183,1.7100823158804979,-1.9537759135599841,-1.3170025259636537,-0.19411735787333273,0.4039900691565631,2.523541998545382,-1.0889090573087805,2.1981662799361756,1.8175713940119183,-1.395222603291413,1.0491670574374792,-1.0267163830976291,1.6430629683434705,-2.549116208422192,-0.5519932350361207,-1.7641671034164628,1.6554146316013638,1.0394787540094685,-1.385412080821563,-2.8941330637359455,0.29002099831066486,-0.9261557361681811
numHidden 	5
numGenes 	48
minGene 	-3.0
maxGene 	3.0
popSize 	80
tSize 	20
uniformProb 	0.5
numPoints 	3
numReplacements 	40
rtSize 	20
maxEvaluations 	20000
mutateRate 	0.01
mutateChange 	0.05
numTests 	10
seed 	1523937749458
random 	java.util.Random@677327b6
neuralNetworkClass 	class coursework.ExampleEvolutionaryAlgorithm
Training Set Training
Fitness 0.41686516529565876