0.874525201064061,2.6348082788025726,0.9237969488035962,3.03074224144998,1.8945690761815082,-1.0529215510524077,0.12843644278050892,1.1874739488112698,3.0511370920018948,0.5534715114334547,1.6251979613919045,-1.0936389252939804,-0.34346557834647323,-0.7190170709493846,-0.41283979182132813,1.546933516131254,-2.9729692279140507,-1.1784264198293233,0.10347395000858926,-0.38494938025225695,-2.9090449998087906,-1.218600488112933,2.6001294967612045,0.9315994395426352,0.6950432706028202,2.1229196667792607,4.13150378808,2.1313945532136063,1.1473574681910834,0.9170074807532766,2.83471736932255,0.699053846311029,-1.1981118593231657,-2.9141331227447718,2.0743762192649626,2.7810481736527963,-0.30574469045025954,1.3687211976770748,-0.12167895188166349,2.3330411698977596,1.0764893951315044,-0.708752182914588,1.7666235647588435,-0.026398078083851223,-1.914694794170246,2.0494029844828185,1.0351611714589832,0.5011384994114481
numHidden 	5
numGenes 	48
minGene 	-3.0
maxGene 	3.0
popSize 	80
tSize 	20
uniformProb 	0.5
numPoints 	3
numReplacements 	40
rtSize 	20
maxEvaluations 	20000
mutateRate 	0.01
mutateChange 	0.05
numTests 	10
seed 	1523937749458
random 	java.util.Random@677327b6
neuralNetworkClass 	class coursework.ExampleEvolutionaryAlgorithm
Training Set Training
Fitness 0.3565243982373194