1.097302936968695,-0.3881530733670006,0.6748118432671387,-2.54076330561743,-0.43625123599188087,-1.8995371574921165,0.21049829199062126,-0.5003249195860903,-0.9634513125613742,-0.032356257435153246,-1.1260303527016933,0.022002542841570313,1.9368057691453848,1.8260154983187662,0.5307737983694015,0.5556633407067338,3.6543461249663256,-2.156042697163857,-1.0405285149274877,2.276117998319825,2.4333903078692742,-0.43766341127919167,2.799032080953835,1.5444593551947325,-2.3180542241272057,2.9750742582754857,0.9437135637766307,-1.4613795677906933,1.4661979718113778,-1.2954907209050859,-0.93762505269618,0.2958401708211867,2.106278812001471,2.4018316535321595,1.8288292000775304,2.4790696831155357,-1.726107832255528,0.8913238769605989,-0.7005438640127126,2.6389862047117143,-0.6643720316335388,0.629881515323998,-1.188598638253211,-1.5023369347806088,1.2639266845915809,2.6435208792884524,0.8492992110046373,-0.9992351452407318
numHidden 	5
numGenes 	48
minGene 	-3.0
maxGene 	3.0
popSize 	80
tSize 	20
uniformProb 	0.5
numPoints 	3
numReplacements 	40
rtSize 	20
maxEvaluations 	20000
mutateRate 	0.01
mutateChange 	0.05
numTests 	10
seed 	1523936959305
random 	java.util.Random@2b44e73e
neuralNetworkClass 	class coursework.ExampleEvolutionaryAlgorithm
Training Set Training
Fitness 0.14243763246869434