0.47357868840991785,-2.940797708624737,0.28690272566004427,0.9956325856550394,-0.1850166103220094,2.5897622707315024,2.2338066513366366,1.3221818393259175,0.4976062932310668,3.590160379825254,-3.3861367091413097,-1.1568728086943412,0.8936078807504282,-0.6339302392869859,-1.680594429175574,-1.0587017054565362,1.4722181562513437,2.4633568975138993,-0.171845364731309,1.6181580801698299,-1.5698261136950127,-0.17421531423014724,-0.7522824582074197,2.087332724445096,-0.3910919624116432,1.2140269956874874,2.7451517960871286,2.2497163869551544,-2.2610787290679517,-1.6230115301245005,1.6187919687405579,2.7877196465821417,-0.6124881987222703,0.8630393079701997,-0.09948081498161541,-2.667908469675311,1.0129667549424142,1.257158804880541,-0.20682084250676813,-2.911392756569067,1.7098004269927898,-2.203263340764387,-0.6446410037302137,-2.481672250677647,1.0497138636508994,-0.48447933121295056,2.3055252560429773,1.9972856525246419
numHidden 	5
numGenes 	48
minGene 	-3.0
maxGene 	3.0
popSize 	80
tSize 	20
uniformProb 	0.5
numPoints 	3
numReplacements 	40
rtSize 	20
maxEvaluations 	20000
mutateRate 	0.01
mutateChange 	0.05
numTests 	10
seed 	1523936959305
random 	java.util.Random@2b44e73e
neuralNetworkClass 	class coursework.ExampleEvolutionaryAlgorithm
Training Set Training
Fitness 0.1305705204926288