-1.7889615163967767,-0.4004918919144359,0.9978755144973266,1.960559589398766,-1.689562863295037,-0.4659040291121191,-0.5682865914651254,-1.4444458009584895,2.3984216593419445,1.542974022850251,-1.2978626162863736,2.1411416774308822,2.0478371009549807,-0.17746795432145768,1.5027249305958894,3.9525000256632783,0.13295414437145103,2.2723830934636933,2.974254462558812,-0.4771028016025903,0.892101063351249,1.600847930799742,0.677099073270403,0.4733685418942292,-0.38879033218041975,1.5494079794128062,3.4185333092106633,0.5596555355261933,-1.9358909009990328,2.358858881281601,-1.932237258485499,1.9504560631341665,1.3299643236265755,-1.5244230373205696,-2.7166281174947855,-0.3002431651254016,-1.9231392296495664,-2.058734524949566,0.4114599202344732,-2.6609256151330776,-2.588846654021802,1.4947540710783198,1.975308312284781,0.5364678297069359,-1.0969027566129423,-1.5640666872280915,0.7042576275980361,2.301002834077689
numHidden 	5
numGenes 	48
minGene 	-3.0
maxGene 	3.0
popSize 	80
tSize 	20
uniformProb 	0.5
numPoints 	3
numReplacements 	40
rtSize 	20
maxEvaluations 	20000
mutateRate 	0.01
mutateChange 	0.05
numTests 	10
seed 	1523936959305
random 	java.util.Random@2b44e73e
neuralNetworkClass 	class coursework.ExampleEvolutionaryAlgorithm
Training Set Training
Fitness 0.1627139009356548