0.33255835346946117,-1.663606995578279,0.35428412793162795,-1.1913639169340557,0.10508791934472138,-2.7832023972463835,-0.15788956567018575,0.6450676010356231,2.8451077276308467,2.667725587488871,-0.2368140650709633,-2.8912203743768847,-0.03315511254235806,-1.9009843001918685,1.4367830759545823,0.3952242969282182,2.8024448574091165,1.6728824300814227,1.7948610743913138,-0.7466517267826425,-1.4001631486627746,2.9233552924704194,-2.5369652879692115,-0.73475200214111,-3.995899362627582,3.7425476765254233,0.07570738678345061,-0.421446879361412,-1.2184797856104304,-1.830621676662659,-1.1604378301561786,2.655125067638509,-1.0830350721038626,0.033660537021378195,-1.4499310160174481,-1.1505658235287026,-2.491553407168161,-1.3695616588885577,1.2202926828015483,0.08474221072624614,-0.9315128948792497,1.847559807775128,-2.8745454448195895,-2.813802303955186,0.9484745538075923,-0.3661101902014218,-0.5703676961092456,3.979751728912108
numHidden 	5
numGenes 	48
minGene 	-3.0
maxGene 	3.0
popSize 	80
tSize 	20
uniformProb 	0.5
numPoints 	3
numReplacements 	40
rtSize 	20
maxEvaluations 	20000
mutateRate 	0.01
mutateChange 	0.05
numTests 	10
seed 	1523937749458
random 	java.util.Random@677327b6
neuralNetworkClass 	class coursework.ExampleEvolutionaryAlgorithm
Training Set Training
Fitness 0.1267576966247727