-0.7743031982274551,1.1982453157053838,1.3753132644978412,0.7014678719085947,-0.044735987528533,0.5948366072720035,2.2211027325653845,-2.416879540821917,1.3120256804356667,2.3041534111847124,0.8684850311795698,1.803063299567583,-0.02079026749107009,-1.1926290135319462,-2.181851340771937,0.13628777148153276,-1.068690395322889,-0.7079632732442473,1.2825887343218982,2.3251908189637422,0.31345105920219296,-0.12656337237316234,1.6465501389413164,-1.487787777692531,-2.354190969410565,-1.1115710918426143,-2.193394061188097,-1.9333714035833252,-1.880490856578015,-0.7349829717021592,0.5926852540448162,0.12369517308261511,-1.5251375259694084,0.00975596223321791,0.8331522477766372,-0.3420052081313317,-1.8562962068584612,-0.038490177748244286,-1.302037975826233,-0.4267199819860207,-1.4897578268794451,0.4761348775088476,-2.8964319350087484,1.7598568596955397,0.22450083709170965,-1.009612045421644,1.6676787488015499,2.5846935640328255
numHidden 	5
numGenes 	48
minGene 	-3.0
maxGene 	3.0
popSize 	80
tSize 	20
uniformProb 	0.5
numPoints 	3
numReplacements 	40
rtSize 	20
maxEvaluations 	20000
mutateRate 	0.01
mutateChange 	0.05
numTests 	10
seed 	1523937749458
random 	java.util.Random@677327b6
neuralNetworkClass 	class coursework.ExampleEvolutionaryAlgorithm
Training Set Training
Fitness 0.3721057116399391