-2.556932835343174,2.1367994933600896,-0.7474527611032942,-0.8078652031255951,-2.317377962262359,-2.470438052277143,-1.0028638081889218,-2.5071787035710518,-0.8934179273979248,2.1171190051782616,2.382549869302175,2.476181184781727,2.1770258208356807,0.7136911786370773,-1.3655455388044269,-2.398582534811009,-2.5017360511577134,-0.8931259883458509,0.6811285834203603,-0.2712778193406144,1.4813880567974962,0.9070080478961433,-0.46915467449137177,1.3783615548519725,-0.8220224745924287,1.6849684590608625,3.071622581457868,2.4250201595303995,1.6858013058592183,0.7674196665345727,0.6767677654379538,0.3501709010235791,0.6365058090582638,-1.0994806246291593,2.3315009399195477,-1.1651902603289441,0.7113655077378651,-1.2498106290839368,-2.8188276359192512,2.357749639714007,1.4676090791652965,-0.9898337398478787,-1.1129503585808613,1.1992428776037065,1.2689175464040663,1.3211796182607158,-0.9718100759709727,-0.6877007486736391
numHidden 	5
numGenes 	48
minGene 	-3.0
maxGene 	3.0
popSize 	80
tSize 	20
uniformProb 	0.5
numPoints 	3
numReplacements 	40
rtSize 	20
maxEvaluations 	20000
mutateRate 	0.01
mutateChange 	0.05
numTests 	10
seed 	1523937749458
random 	java.util.Random@677327b6
neuralNetworkClass 	class coursework.ExampleEvolutionaryAlgorithm
Training Set Training
Fitness 0.26847501073872165