-2.501245553560695,-2.716330735007354,0.2045485049573209,-1.6843029179025442,3.340873830824422,-3.3533270650115217,1.3257940961283785,-0.30682519925828594,2.3644557250014553,2.140183232030934,1.000194689890362,-0.6960379444742151,-2.728124584728208,1.3000401818354217,0.3021458239591442,0.9640436185332537,-2.448683237957999,0.5962392334395317,-1.5211927177952287,0.4135976230526178,-1.9741722933144652,-0.9090190023879949,2.261295136766315,-1.3807894051759655,0.5029902336385582,1.9356672611488093,-0.5859337412601469,0.35899226238293597,2.195913575902727,2.9061430077425525,2.5468763008173907,-3.1321647955533436,-1.673765923592571,0.48885595466168713,-0.7102591630607038,1.0486554723346193,2.3872389195564434,-0.8198240309455078,-0.574523753092897,0.6904998993423062,-0.3093685050502297,0.36707207413211795,0.23493959261443076,1.9215146328888006,2.0662468540682677,1.9572942503393527,1.1605243517149142,-2.371716528217538
numHidden 	5
numGenes 	48
minGene 	-3.0
maxGene 	3.0
popSize 	80
tSize 	20
uniformProb 	0.5
numPoints 	3
numReplacements 	40
rtSize 	20
maxEvaluations 	20000
mutateRate 	0.01
mutateChange 	0.05
numTests 	10
seed 	1523937749458
random 	java.util.Random@677327b6
neuralNetworkClass 	class coursework.ExampleEvolutionaryAlgorithm
Training Set Training
Fitness 0.20320407097576185