0.8034821705165356,-0.6011681594212552,3.132855497538297,-1.0829610734647843,1.963698584402289,-3.3051606621609713,2.3396933011119527,0.7858166387671748,-0.03140017279248586,0.7380023557459786,-3.1594354267249463,1.5620893956559252,2.4691709691524837,-2.1744564056291344,0.5402221319511722,-2.8799007670814305,-1.9566013848192607,-1.2059720751334664,-1.948528901411109,2.309661768589038,-1.8503211632754852,3.696387855773228,1.9487804413032133,0.8559549102766033,-2.1013208736043456,-0.021728164033372063,0.6006995531851418,-0.17494049471052747,-0.7364261037831796,0.06184882136031794,0.31309909384031465,2.036002083602866,-0.5839519067490733,-1.696513372006934,-0.20701007743140581,-1.5333105554257789,0.27201533480402973,1.830602434616173,-1.6386220900668063,-2.742860882316007,-2.131096544524199,1.8934969811724665,-0.6846137290667085,3.2527926066617168,1.659846303835469,1.8815983855147789,-2.8423603248594045,-0.8815322796513652
numHidden 	5
numGenes 	48
minGene 	-3.0
maxGene 	3.0
popSize 	80
tSize 	20
uniformProb 	0.5
numPoints 	3
numReplacements 	40
rtSize 	20
maxEvaluations 	20000
mutateRate 	0.01
mutateChange 	0.05
numTests 	10
seed 	1523936959305
random 	java.util.Random@2b44e73e
neuralNetworkClass 	class coursework.ExampleEvolutionaryAlgorithm
Training Set Training
Fitness 0.5186727562536144