-1.0274171121604205,-0.8376288285637499,-2.8030330588506533,2.6742057124750342,0.48454093977647633,2.5629654373225863,2.2886027573543535,2.47854856607477,-2.754058843073813,-0.9556978385857262,0.2526716701353085,-0.3897304221863693,-0.2722465734732978,-1.2689744802881862,1.7152210539405766,-0.7383975892319554,1.0190168615785966,-2.8603497027395717,-2.0996322546051633,-3.6955252282556006,-2.6269978642766727,-2.2420482169071043,2.4796612213372544,2.8858969687689813,-1.907823209093724,1.2980617299306196,0.26384429261442455,1.7968973943890176,1.412628329618533,-1.0730777035921482,-0.4281765010800341,-3.0433198442886282,-0.25566293783446975,-1.6173899817416946,-0.221234015257936,-1.5338159165301664,2.1227495923092548,0.8579934362361548,1.7489313071735093,-1.7387839136631182,3.251974055889317,2.509146373498031,0.28094613591230394,0.966288686262192,-1.2722483195256473,-0.29564243245749783,-1.893038370115929,1.56992920834605
numHidden 	5
numGenes 	48
minGene 	-3.0
maxGene 	3.0
popSize 	80
tSize 	20
uniformProb 	0.5
numPoints 	3
numReplacements 	40
rtSize 	20
maxEvaluations 	20000
mutateRate 	0.01
mutateChange 	0.05
numTests 	10
seed 	1523937749458
random 	java.util.Random@677327b6
neuralNetworkClass 	class coursework.ExampleEvolutionaryAlgorithm
Training Set Training
Fitness 0.3721057116399391